0 0.3859375 0.539583333984375 0.409375 0.452083333984375 0.421875 0.420833333984375 0.4421875 0.40625 0.465625 0.427083333984375 0.4734375 0.45625 0.48125 0.4625 0.4890625 0.447916666015625 0.4875 0.4375 0.4703125 0.402083333984375 0.4546875 0.389583333984375 0.40625 0.397916666015625 0.36875 0.433333333984375 0.3421875 0.510416666015625 0.325 0.639583333984375 0.3234375 0.7375 0.3359375 0.764583333984375 0.35 0.727083333984375 0.3859375 0.539583333984375
0 0.59375 0.529166666015625 0.578125 0.489583333984375 0.534375 0.475 0.5296875 0.477083333984375 0.5359375 0.4875 0.553125 0.49375 0.59375 0.529166666015625
0 0.7890625 0.716666666015625 0.684375 0.585416666015625 0.65 0.547916666015625 0.640625 0.545833333984375 0.640625 0.58125 0.8265625 0.795833333984375 0.821875 0.764583333984375 0.7890625 0.716666666015625
0 0.5125 0.354166666015625 0.534375 0.333333333984375 0.5484375 0.34375 0.5828125 0.477083333984375 0.5859375 0.497916666015625 0.5796875 0.514583333984375 0.5953125 0.533333333984375 0.6203125 0.65 0.6296875 0.654166666015625 0.6375 0.602083333984375 0.6359375 0.49375 0.625 0.41875 0.6015625 0.333333333984375 0.5625 0.310416666015625 0.515625 0.320833333984375 0.5 0.333333333984375 0.4859375 0.385416666015625 0.490625 0.427083333984375 0.5046875 0.43125 0.503125 0.397916666015625 0.5125 0.354166666015625
0 0.5296875 0.433333333984375 0.5109375 0.445833333984375 0.5078125 0.4625 0.5328125 0.44375 0.56875 0.433333333984375 0.5296875 0.433333333984375
0 0.68125 0.510416666015625 0.6875 0.508333333984375 0.7234375 0.541666666015625 0.8 0.639583333984375 0.859375 0.729166666015625 0.8578125 0.708333333984375 0.840625 0.6625 0.7671875 0.552083333984375 0.70625 0.489583333984375 0.6359375 0.44375 0.63125 0.44375 0.634375 0.466666666015625 0.675 0.49375 0.68125 0.510416666015625
0 0.6421875 0.49375 0.6421875 0.504166666015625 0.6953125 0.514583333984375 0.68125 0.502083333984375 0.6421875 0.49375
0 0.8515625 0.577083333984375 0.84375 0.560416666015625 0.8078125 0.53125 0.7484375 0.514583333984375 0.734375 0.514583333984375 0.7453125 0.525 0.803125 0.533333333984375 0.8515625 0.577083333984375
0 0.7453125 0.339583333984375 0.8609375 0.410416666015625 0.9203125 0.472916666015625 0.925 0.470833333984375 0.9109375 0.429166666015625 0.8828125 0.385416666015625 0.7890625 0.30625 0.7296875 0.275 0.684375 0.2625 0.621875 0.264583333984375 0.58125 0.285416666015625 0.5625 0.302083333984375 0.60625 0.295833333984375 0.6609375 0.302083333984375 0.7453125 0.339583333984375
0 0.6390625 0.3 0.63125 0.310416666015625 0.625 0.3 0.6 0.316666666015625 0.596875 0.322916666015625 0.6046875 0.329166666015625 0.6453125 0.302083333984375 0.6390625 0.3
0 0.553125 0.360416666015625 0.5390625 0.366666666015625 0.5125 0.4 0.515625 0.4125 0.5109375 0.422916666015625 0.553125 0.372916666015625 0.553125 0.360416666015625
0 0.8796875 0.195833333984375 0.95625 0.197916666015625 0.9984375 0.208333333984375 0.9984375 0.189583333984375 0.8953125 0.185416666015625 0.84375 0.19375 0.784375 0.2125 0.69375 0.25625 0.6875 0.260416666015625 0.70625 0.264583333984375 0.8140625 0.214583333984375 0.8796875 0.195833333984375
0 0.4828125 0.3875 0.5 0.316666666015625 0.503125 0.1125 0.49375 0.114583333984375 0.4765625 0.139583333984375 0.4828125 0.175 0.4734375 0.33125 0.475 0.385416666015625 0.4828125 0.3875
0 0.409375 0 0.409375 0.010416666015625 0.45 0.245833333984375 0.46875 0.310416666015625 0.475 0.21875 0.4703125 0.145833333984375 0.4328125 0 0.409375 0
0 0.45625 0.383333333984375 0.4703125 0.389583333984375 0.4703125 0.325 0.4484375 0.252083333984375 0.3953125 0.120833333984375 0.3578125 0.05625 0.3453125 0.045833333984375 0.434375 0.347916666015625 0.4515625 0.358333333984375 0.45625 0.383333333984375
0 0.428125 0.30625 0.4140625 0.270833333984375 0.3890625 0.233333333984375 0.3265625 0.179166666015625 0.2484375 0.139583333984375 0.2328125 0.139583333984375 0.3203125 0.2125 0.428125 0.327083333984375 0.428125 0.30625
0 0.390625 0.289583333984375 0.38125 0.289583333984375 0.3765625 0.297916666015625 0.390625 0.3125 0.396875 0.3 0.390625 0.289583333984375
0 0.375 0.31875 0.3703125 0.31875 0.3578125 0.3625 0.3546875 0.379166666015625 0.3609375 0.385416666015625 0.384375 0.333333333984375 0.375 0.31875
0 0.1390625 0.304166666015625 0.159375 0.289583333984375 0.2296875 0.2625 0.2890625 0.260416666015625 0.321875 0.270833333984375 0.353125 0.295833333984375 0.38125 0.320833333984375 0.4239578125 0.377777083984375 0.44375 0.3875 0.44375 0.379166666015625 0.4140625 0.339583333984375 0.3453125 0.270833333984375 0.3203125 0.254166666015625 0.296875 0.25 0.221875 0.254166666015625 0.1546875 0.28125 0.1125 0.322916666015625 0.0890625 0.375 0.084375 0.40625 0.0953125 0.39375 0.115625 0.3375 0.1390625 0.304166666015625
0 0.5453125 0.229166666015625 0.5078125 0.30625 0.50625 0.31875 0.525 0.316666666015625 0.565625 0.235416666015625 0.6609375 0.1125 0.66225469140625 0.10371871484375 0.578125 0.18125 0.5453125 0.229166666015625