0 0.5390625 0.466666666015625 0.525 0.452083333984375 0.515625 0.452083333984375 0.475 0.56875 0.4109375 0.870833333984375 0.4078125 0.9125 0.4140625 0.916666666015625 0.425 0.897916666015625 0.5390625 0.466666666015625
0 0.3953125 0.416666666015625 0.4796875 0.410416666015625 0.5234375 0.43125 0.5046875 0.410416666015625 0.4796875 0.4 0.3953125 0.4 0.2515625 0.447916666015625 0.1203125 0.520833333984375 0.115625 0.527083333984375 0.1984375 0.497916666015625 0.2890625 0.452083333984375 0.3953125 0.416666666015625
0 0.421875 0.316666666015625 0.4578125 0.327083333984375 0.501035392578125 0.36207329296875 0.4921875 0.347916666015625 0.4546875 0.3125 0.4140625 0.297916666015625 0.36875 0.295833333984375 0.2875 0.308333333984375 0.2125 0.3375 0.184375 0.360416666015625 0.175 0.4 0.1734375 0.435416666015625 0.1828125 0.385416666015625 0.2015625 0.366666666015625 0.303125 0.327083333984375 0.365625 0.316666666015625 0.421875 0.316666666015625
0 0.246875 0.347916666015625 0.25 0.33125 0.26875 0.33125 0.271875 0.325 0.2640625 0.320833333984375 0.2625 0.30625 0.284375 0.270833333984375 0.3453125 0.2 0.3671875 0.185416666015625 0.38125 0.185416666015625 0.4515625 0.254166666015625 0.5140625 0.339583333984375 0.540625 0.389583333984375 0.5328125 0.347916666015625 0.5203125 0.322916666015625 0.4484375 0.222916666015625 0.3984375 0.185416666015625 0.340625 0.166666666015625 0.321875 0.18125 0.2671875 0.252083333984375 0.2390625 0.327083333984375 0.184375 0.360416666015625 0.1734375 0.40625 0.175 0.435416666015625 0.1828125 0.3875 0.1921875 0.372916666015625 0.246875 0.347916666015625
0 0.5609375 0.36875 0.5546875 0.3375 0.51875 0.241666666015625 0.453125 0.135416666015625 0.4078125 0.0875 0.5171875 0.295833333984375 0.546875 0.3875 0.55625 0.39375 0.5609375 0.36875
0 0.5703125 0.260416666015625 0.553125 0.177083333984375 0.5359375 0.139583333984375 0.5515625 0.322916666015625 0.5640625 0.38125 0.575 0.347916666015625 0.5703125 0.260416666015625
0 0.790625 0.014583333984375 0.7671875 0.020833333984375 0.7203125 0.072916666015625 0.6703125 0.152083333984375 0.615625 0.258333333984375 0.6125 0.270833333984375 0.6859375 0.15625 0.7484375 0.0875 0.790625 0.014583333984375
0 0.7609375 0.091666666015625 0.7421875 0.097916666015625 0.6953125 0.15 0.621875 0.245833333984375 0.6203125 0.266666666015625 0.6078125 0.277083333984375 0.6046875 0.295833333984375 0.59375 0.30625 0.5796875 0.35 0.5953125 0.354166666015625 0.615625 0.341666666015625 0.7609375 0.091666666015625
0 0.8890625 0.152083333984375 0.8765625 0.14375 0.8375 0.15 0.759375 0.189583333984375 0.6703125 0.25625 0.6390625 0.297916666015625 0.6265625 0.327083333984375 0.6296875 0.335416666015625 0.7 0.275 0.8890625 0.152083333984375
0 0.734375 0.1625 0.7265625 0.160416666015625 0.71875 0.172916666015625 0.725 0.20625 0.734375 0.204166666015625 0.7390625 0.191666666015625 0.734375 0.1625
0 0.796875 0.366666666015625 0.8578125 0.375 0.89375 0.385416666015625 0.9984375 0.441666666015625 0.9984375 0.427083333984375 0.9640625 0.397916666015625 0.9109375 0.364583333984375 0.859375 0.345833333984375 0.8203125 0.3375 0.75 0.3375 0.653125 0.3625 0.6484375 0.36875 0.6625 0.383333333984375 0.70625 0.383333333984375 0.796875 0.366666666015625
0 0.7203125 0.31875 0.759375 0.333333333984375 0.734375 0.3125 0.68125 0.30625 0.6296875 0.335416666015625 0.6203125 0.347916666015625 0.6421875 0.35 0.6921875 0.320833333984375 0.7203125 0.31875
0 0.646875 0.389583333984375 0.6265625 0.370833333984375 0.584375 0.397916666015625 0.571875 0.420833333984375 0.6015625 0.427083333984375 0.6359375 0.410416666015625 0.646875 0.389583333984375
0 0.565625 0.425 0.5859375 0.427083333984375 0.5796875 0.4 0.6203125 0.364583333984375 0.6421875 0.38125 0.6875 0.447916666015625 0.7515625 0.639583333984375 0.7703125 0.675 0.76875 0.608333333984375 0.7265625 0.475 0.7125 0.441666666015625 0.671875 0.391666666015625 0.6390625 0.360416666015625 0.6078125 0.35625 0.575 0.370833333984375 0.55 0.414583333984375 0.546875 0.43125 0.553125 0.4375 0.5546875 0.429166666015625 0.565625 0.425
0 0.66875 0.49375 0.734375 0.583333333984375 0.7265625 0.541666666015625 0.653125 0.464583333984375 0.6015625 0.43125 0.5609375 0.43125 0.55625 0.435416666015625 0.559375 0.44375 0.596875 0.445833333984375 0.66875 0.49375
0 0.8515625 0.789583333984375 0.771875 0.6125 0.7640625 0.602083333984375 0.7734375 0.658333333984375 0.8703125 0.858333333984375 0.8515625 0.789583333984375
0 0.8625 0.40625 0.8578125 0.410416666015625 0.8890625 0.414583333984375 0.878125 0.404166666015625 0.8625 0.40625
0 0.5984375 0.41875 0.6078125 0.425 0.6578125 0.404166666015625 0.6359375 0.397916666015625 0.5984375 0.41875
0 0.80625 0.402083333984375 0.6796875 0.385416666015625 0.6734375 0.389583333984375 0.6859375 0.40625 0.8265625 0.425 0.80625 0.402083333984375
0 0.7328125 0.366666666015625 0.6828125 0.38125 0.8890625 0.414583333984375 0.8546875 0.391666666015625 0.796875 0.370833333984375 0.7328125 0.366666666015625