0 0.1296875 0.720833333984375 0.1484375 0.695833333984375 0.1328125 0.70625 0.1296875 0.720833333984375
0 0.209375 0.970833333984375 0.2328125 0.977083333984375 0.209375 0.9375 0.1453125 0.760416666015625 0.1390625 0.760416666015625 0.1328125 0.777083333984375 0.14375 0.825 0.18125 0.927083333984375 0.209375 0.970833333984375
0 0 0.929166666015625 0.0734375 0.829166666015625 0.1484375 0.75 0.1921875 0.716666666015625 0.25 0.6875 0.3109375 0.675 0.359375 0.685416666015625 0.396875 0.7125 0.40625 0.704166666015625 0.3828125 0.677083333984375 0.3265625 0.645833333984375 0.2265625 0.660416666015625 0.178125 0.683333333984375 0.1359375 0.716666666015625 0.0625 0.7875 0.0171875 0.84375 0 0.86875 0 0.929166666015625
0 0.4609375 0.658333333984375 0.4828125 0.633333333984375 0.521875 0.61875 0.5515625 0.616666666015625 0.5984375 0.629166666015625 0.6828125 0.672916666015625 0.7140625 0.695833333984375 0.7203125 0.710416666015625 0.7390625 0.714583333984375 0.7828125 0.754166666015625 0.8234375 0.814583333984375 0.871875 0.914583333984375 0.8765625 0.920833333984375 0.8828125 0.916666666015625 0.865625 0.84375 0.8265625 0.75625 0.7859375 0.7 0.7109375 0.635416666015625 0.60625 0.583333333984375 0.553125 0.583333333984375 0.5109375 0.591666666015625 0.45625 0.61875 0.440625 0.647916666015625 0.440625 0.6625 0.4328125 0.675 0.440625 0.704166666015625 0.4609375 0.658333333984375
0 0.503125 0.625 0.4984375 0.610416666015625 0.5109375 0.608333333984375 0.5140625 0.595833333984375 0.6140625 0.575 0.66875 0.575 0.7375 0.589583333984375 0.7765625 0.608333333984375 0.8328125 0.652083333984375 0.9234375 0.758333333984375 0.9421875 0.80625 0.9453125 0.795833333984375 0.9421875 0.733333333984375 0.9015625 0.660416666015625 0.834375 0.583333333984375 0.7640625 0.54375 0.6375 0.529166666015625 0.5625 0.539583333984375 0.503125 0.56875 0.465625 0.604166666015625 0.4421875 0.6375 0.440625 0.66875 0.4484375 0.679166666015625 0.4734375 0.6375 0.503125 0.625
0 0.4703125 0.552083333984375 0.55 0.458333333984375 0.703125 0.327083333984375 0.775 0.270833333984375 0.8859375 0.202083333984375 0.8875 0.19375 0.8390625 0.195833333984375 0.59375 0.379166666015625 0.5046875 0.475 0.4484375 0.554166666015625 0.4296875 0.595833333984375 0.421875 0.63125 0.4265625 0.641666666015625 0.4375 0.63125 0.4703125 0.552083333984375
0 0.815625 0.2125 0.8484375 0.19375 0.853024193359375 0.1932795703125 0.7984375 0.195833333984375 0.7 0.235416666015625 0.68125 0.233333333984375 0.61875 0.2875 0.5578125 0.35625 0.48125 0.466666666015625 0.440625 0.5375 0.4296875 0.579166666015625 0.5109375 0.464583333984375 0.540625 0.408333333984375 0.6125 0.316666666015625 0.6421875 0.289583333984375 0.7578125 0.225 0.815625 0.2125
0 0.70625 0.216666666015625 0.6796875 0.225 0.6765625 0.24375 0.6578125 0.254166666015625 0.6921875 0.235416666015625 0.70625 0.216666666015625
0 0.465625 0.335416666015625 0.4453125 0.40625 0.4171875 0.589583333984375 0.4140625 0.627083333984375 0.4234375 0.61875 0.4375 0.545833333984375 0.465625 0.335416666015625
0 0.3796875 0.652083333984375 0.396875 0.664583333984375 0.3453125 0.5375 0.334375 0.5125 0.3421875 0.558333333984375 0.3578125 0.602083333984375 0.3796875 0.652083333984375
0 0 0.447916666015625 0.0703125 0.439583333984375 0.1625 0.475 0.228125 0.514583333984375 0.315625 0.58125 0.3234375 0.597916666015625 0.3203125 0.60625 0.346875 0.608333333984375 0.359375 0.61875 0.3515625 0.597916666015625 0.2796875 0.522916666015625 0.15 0.4375 0.0875 0.41875 0.0390625 0.420833333984375 0.0078125 0.43125 0 0.435416666015625 0 0.447916666015625
0 0.2203125 0.55 0.15625 0.533333333984375 0.078125 0.533333333984375 0.003125 0.554166666015625 0 0.56875 0.0359375 0.55625 0.0953125 0.55 0.2203125 0.55
0 0.221875 0.583333333984375 0.2875 0.602083333984375 0.33125 0.627083333984375 0.35 0.652083333984375 0.36875 0.65 0.359375 0.6375 0.3578125 0.614583333984375 0.3265625 0.5875 0.284375 0.566666666015625 0.21875 0.55 0.1359375 0.566666666015625 0.08125 0.604166666015625 0.05625 0.639583333984375 0.0546875 0.645833333984375 0.134375 0.59375 0.1703125 0.583333333984375 0.221875 0.583333333984375
0 0.2515625 0.652083333984375 0.321875 0.645833333984375 0.34375 0.65 0.35 0.666666666015625 0.3578125 0.664583333984375 0.3578125 0.654166666015625 0.328125 0.627083333984375 0.303125 0.616666666015625 0.2359375 0.622916666015625 0.175 0.645833333984375 0.115625 0.685416666015625 0.0734375 0.725 0.0078125 0.816666666015625 0 0.847916666015625 0.084375 0.745833333984375 0.1734375 0.68125 0.2515625 0.652083333984375