0 0.3859375 0.958333333984375 0.396875 0.947916666015625 0.4265625 0.85 0.45 0.7625 0.4609375 0.6875 0.4921875 0.614583333984375 0.48125 0.589583333984375 0.4609375 0.608333333984375 0.4265625 0.691666666015625 0.346875 0.972916666015625 0.340625 0.997916666015625 0.3828125 0.997916666015625 0.3859375 0.991666666015625 0.3859375 0.958333333984375
0 0.3765625 0.70625 0.4296875 0.627083333984375 0.48125 0.566666666015625 0.4703125 0.535416666015625 0.4515625 0.529166666015625 0.425 0.545833333984375 0.33125 0.660416666015625 0.2859375 0.741666666015625 0.2265625 0.875 0.196875 0.96875 0.1953125 0.983333333984375 0.203125 0.989583333984375 0.228125 0.960416666015625 0.3765625 0.70625
0 0.334375 0.654166666015625 0.246875 0.752083333984375 0.1859375 0.85 0.171875 0.8625 0.1703125 0.86875 0.18125 0.870833333984375 0.265625 0.779166666015625 0.334375 0.654166666015625
0 0.6265625 0.627083333984375 0.7046875 0.691666666015625 0.8328125 0.833333333984375 0.940625 0.99375 0.9703125 0.997916666015625 0.9203125 0.89375 0.8421875 0.772916666015625 0.83125 0.74375 0.740625 0.658333333984375 0.6359375 0.5875 0.5984375 0.58125 0.540625 0.597916666015625 0.5328125 0.6125 0.5390625 0.61875 0.5796875 0.614583333984375 0.6265625 0.627083333984375
0 0.7015625 0.510416666015625 0.825 0.504166666015625 0.978125 0.510416666015625 0.9984375 0.504166666015625 0.9984375 0.464583333984375 0.8921875 0.452083333984375 0.7203125 0.458333333984375 0.6015625 0.5 0.55625 0.54375 0.5546875 0.55625 0.559375 0.55625 0.61875 0.527083333984375 0.7015625 0.510416666015625
0 0.8125 0.5875 0.925 0.652083333984375 0.9125 0.629166666015625 0.8578125 0.5875 0.75 0.541666666015625 0.70625 0.535416666015625 0.634375 0.539583333984375 0.5671875 0.56875 0.5640625 0.575 0.671875 0.558333333984375 0.7625 0.570833333984375 0.8125 0.5875
0 0.771875 0.420833333984375 0.8609375 0.39375 0.8796875 0.39375 0.9 0.40625 0.9140625 0.447916666015625 0.921875 0.445833333984375 0.9109375 0.410416666015625 0.884375 0.379166666015625 0.84375 0.36875 0.753125 0.402083333984375 0.6703125 0.452083333984375 0.6671875 0.45625 0.678125 0.464583333984375 0.690625 0.4625 0.771875 0.420833333984375
0 0.553125 0.554166666015625 0.553125 0.539583333984375 0.5765625 0.50625 0.6375 0.479166666015625 0.659375 0.454166666015625 0.790625 0.364583333984375 0.9984375 0.252083333984375 0.9953125 0.233333333984375 0.9671875 0.233333333984375 0.8796875 0.264583333984375 0.7296875 0.352083333984375 0.5984375 0.452083333984375 0.5296875 0.535416666015625 0.521875 0.552083333984375 0.5328125 0.56875 0.5421875 0.554166666015625 0.553125 0.554166666015625
0 0.5078125 0.602083333984375 0.515625 0.54375 0.5109375 0.404166666015625 0.4796875 0.297916666015625 0.459375 0.254166666015625 0.453125 0.254166666015625 0.4734375 0.316666666015625 0.5 0.477083333984375 0.5078125 0.602083333984375
0 0.4375 0.529166666015625 0.4484375 0.525 0.40625 0.483333333984375 0.30625 0.439583333984375 0.2046875 0.425 0.13125 0.429166666015625 0.1203125 0.43125 0.3203125 0.466666666015625 0.3609375 0.479166666015625 0.4375 0.529166666015625
0 0.234375 0.3375 0.321875 0.36875 0.3890625 0.416666666015625 0.44375 0.491666666015625 0.4421875 0.464583333984375 0.415625 0.4125 0.3765625 0.366666666015625 0.3359375 0.34375 0.228125 0.3125 0.1796875 0.314583333984375 0.1484375 0.339583333984375 0.15 0.385416666015625 0.1640625 0.339583333984375 0.17734375 0.333333333984375 0.234375 0.3375
0 0.5 0.566666666015625 0.50625 0.566666666015625 0.4890625 0.4875 0.4078125 0.341666666015625 0.2890625 0.1875 0.2484375 0.145833333984375 0.20625 0.120833333984375 0.1984375 0.122916666015625 0.296875 0.2375 0.465625 0.5 0.5 0.566666666015625
0 0.334375 0.304166666015625 0.34375 0.322916666015625 0.35625 0.322916666015625 0.2953125 0.239583333984375 0.228125 0.195833333984375 0.2078125 0.195833333984375 0.1328125 0.2375 0.090625 0.283333333984375 0.084375 0.297916666015625 0.18125 0.227083333984375 0.225 0.225 0.334375 0.304166666015625