0 0.5109375 0.660416666015625 0.5078125 0.645833333984375 0.496875 0.635416666015625 0.4765625 0.639583333984375 0.4671875 0.633333333984375 0.45625 0.997916666015625 0.515625 0.997916666015625 0.5203125 0.883333333984375 0.5109375 0.660416666015625
0 0 0.88125 0.2703125 0.704166666015625 0.46875 0.604166666015625 0.44375 0.585416666015625 0.4140625 0.583333333984375 0.325 0.608333333984375 0.165625 0.702083333984375 0.0140625 0.822916666015625 0 0.835416666015625 0 0.88125
0 0.19375 0.602083333984375 0.2765625 0.5875 0.3625 0.591666666015625 0.3875 0.583333333984375 0.309375 0.55625 0.2390625 0.558333333984375 0.1828125 0.572916666015625 0.153125 0.59375 0.1328125 0.61875 0.1203125 0.652083333984375 0.1125 0.710416666015625 0.1109375 0.73125 0.1203125 0.66875 0.1359375 0.639583333984375 0.19375 0.602083333984375
0 0.415625 0.639583333984375 0.365625 0.65625 0.359375 0.660416666015625 0.4515625 0.664583333984375 0.4421875 0.652083333984375 0.415625 0.639583333984375
0 0.13125 0.875 0.115625 0.929166666015625 0.115625 0.94375 0.2296875 0.735416666015625 0.1796875 0.766666666015625 0.13125 0.875
0 0.3921875 0.527083333984375 0.44375 0.570833333984375 0.4421875 0.552083333984375 0.3890625 0.495833333984375 0.2953125 0.447916666015625 0.290625 0.447916666015625 0.3671875 0.50625 0.3765625 0.5375 0.3921875 0.527083333984375
0 0.3078125 0.4875 0.2984375 0.472916666015625 0.2484375 0.445833333984375 0.1546875 0.408333333984375 0.0921875 0.395833333984375 0.0046875 0.404166666015625 0 0.414583333984375 0.096875 0.416666666015625 0.2 0.441666666015625 0.3078125 0.4875
0 0.15625 0.43125 0.1984375 0.439583333984375 0.2765625 0.475 0.340625 0.510416666015625 0.4109375 0.572916666015625 0.421875 0.570833333984375 0.428125 0.558333333984375 0.415625 0.55625 0.4140625 0.541666666015625 0.4046875 0.541666666015625 0.4 0.529166666015625 0.321875 0.470833333984375 0.3078125 0.470833333984375 0.3046875 0.45625 0.246875 0.416666666015625 0.1421875 0.370833333984375 0.003125 0.33125 0 0.3625 0.0953125 0.385416666015625 0.1390625 0.408333333984375 0.15625 0.43125
0 0.525 0.308333333984375 0.5140625 0.325 0.5 0.377083333984375 0.4765625 0.514583333984375 0.471875 0.589583333984375 0.49375 0.629166666015625 0.5203125 0.464583333984375 0.525 0.308333333984375
0 0.65625 0.083333333984375 0.64375 0.083333333984375 0.6203125 0.1 0.584375 0.164583333984375 0.553125 0.258333333984375 0.5265625 0.38125 0.525 0.439583333984375 0.5640625 0.354166666015625 0.6109375 0.197916666015625 0.65625 0.083333333984375
0 0.525 0.5375 0.5265625 0.525 0.540625 0.525 0.640625 0.325 0.728125 0.16875 0.7375 0.133333333984375 0.7109375 0.139583333984375 0.653125 0.210416666015625 0.525 0.43125 0.5265625 0.46875 0.515625 0.51875 0.51875 0.539583333984375 0.525 0.5375
0 0.7140625 0.322916666015625 0.828125 0.24375 0.803125 0.225 0.7765625 0.227083333984375 0.709375 0.2625 0.65625 0.30625 0.5953125 0.4125 0.596875 0.435416666015625 0.5921875 0.441666666015625 0.5984375 0.445833333984375 0.7140625 0.322916666015625
0 0.6109375 0.508333333984375 0.7140625 0.43125 0.8390625 0.358333333984375 0.86875 0.358333333984375 0.84375 0.327083333984375 0.8078125 0.3375 0.7171875 0.389583333984375 0.6484375 0.441666666015625 0.61875 0.447916666015625 0.6125 0.464583333984375 0.5875 0.472916666015625 0.559375 0.514583333984375 0.55 0.533333333984375 0.553125 0.55625 0.5609375 0.55625 0.6109375 0.508333333984375
0 0.584375 0.51875 0.5859375 0.502083333984375 0.596875 0.4875 0.6796875 0.414583333984375 0.6578125 0.4125 0.6109375 0.44375 0.528125 0.558333333984375 0.5265625 0.566666666015625 0.5359375 0.566666666015625 0.5546875 0.552083333984375 0.584375 0.51875
0 0.6328125 0.5 0.5859375 0.529166666015625 0.559375 0.55625 0.55625 0.570833333984375 0.70625 0.49375 0.678125 0.4875 0.6328125 0.5
0 0.875 0.366666666015625 0.865625 0.36875 0.8640625 0.377083333984375 0.8515625 0.479166666015625 0.871875 0.452083333984375 0.8859375 0.404166666015625 0.875 0.366666666015625
0 0.7421875 0.583333333984375 0.8875 0.61875 0.990625 0.666666666015625 0.9625 0.627083333984375 0.8890625 0.577083333984375 0.8265625 0.552083333984375 0.76875 0.541666666015625 0.684375 0.541666666015625 0.6125 0.55625 0.5421875 0.5875 0.51875 0.6125 0.515625 0.63125 0.603125 0.589583333984375 0.65625 0.58125 0.7421875 0.583333333984375