0 0.7140625 0.985416666015625 0.7234375 0.997916666015625 0.740625 0.997916666015625 0.7328125 0.93125 0.6875 0.754166666015625 0.6421875 0.641666666015625 0.6046875 0.570833333984375 0.5671875 0.522916666015625 0.5421875 0.504166666015625 0.515625 0.516666666015625 0.5140625 0.525 0.5453125 0.577083333984375 0.6078125 0.714583333984375 0.7140625 0.985416666015625
0 0.721875 0.56875 0.709375 0.547916666015625 0.6671875 0.527083333984375 0.609375 0.514583333984375 0.5703125 0.51875 0.5671875 0.522916666015625 0.5765625 0.53125 0.66875 0.539583333984375 0.721875 0.56875
0 0.9421875 0.7875 0.871875 0.691666666015625 0.8078125 0.625 0.8078125 0.635416666015625 0.8328125 0.679166666015625 0.9078125 0.7625 0.9421875 0.7875
0 0.503125 0.477083333984375 0.55 0.435416666015625 0.596875 0.408333333984375 0.6390625 0.4375 0.6734375 0.479166666015625 0.721875 0.560416666015625 0.821875 0.75 0.8578125 0.841666666015625 0.865625 0.84375 0.865625 0.795833333984375 0.84375 0.7125 0.74375 0.50625 0.6890625 0.420833333984375 0.653125 0.391666666015625 0.6125 0.385416666015625 0.56875 0.4 0.4921875 0.454166666015625 0.4828125 0.472916666015625 0.484375 0.4875 0.4921875 0.475 0.503125 0.477083333984375
0 0.6265625 0.435416666015625 0.60625 0.44375 0.528125 0.491666666015625 0.525 0.5 0.5390625 0.5 0.640625 0.441666666015625 0.6265625 0.435416666015625
0 0.8625 0.45 0.9265625 0.4875 0.9984375 0.54375 0.9984375 0.516666666015625 0.9140625 0.452083333984375 0.865625 0.425 0.796875 0.40625 0.6921875 0.414583333984375 0.6890625 0.420833333984375 0.6984375 0.429166666015625 0.8203125 0.435416666015625 0.8625 0.45
0 0.184375 0.554166666015625 0.1875 0.48125 0.175 0.5125 0.175 0.610416666015625 0.184375 0.61875 0.1890625 0.608333333984375 0.184375 0.554166666015625
0 0.328125 0.447916666015625 0.4046875 0.504166666015625 0.4140625 0.5 0.4125 0.489583333984375 0.3859375 0.458333333984375 0.3453125 0.43125 0.303125 0.416666666015625 0.2359375 0.416666666015625 0.2046875 0.439583333984375 0.1953125 0.4625 0.203125 0.452083333984375 0.253125 0.4375 0.328125 0.447916666015625
0 0.2078125 0.372916666015625 0.2640625 0.38125 0.35625 0.422916666015625 0.365625 0.41875 0.3609375 0.40625 0.3140625 0.36875 0.2671875 0.352083333984375 0.209375 0.34375 0.1078125 0.364583333984375 0.05 0.39375 0.05 0.40625 0.0828125 0.38125 0.1515625 0.370833333984375 0.2078125 0.372916666015625
0 0.3015625 0.35625 0.3671875 0.404166666015625 0.3921875 0.445833333984375 0.4125 0.44375 0.3890625 0.3875 0.325 0.327083333984375 0.2828125 0.30625 0.2296875 0.29375 0.15625 0.29375 0.1515625 0.295833333984375 0.165625 0.30625 0.2359375 0.322916666015625 0.3015625 0.35625
0 0.4375 0.504166666015625 0.4484375 0.516666666015625 0.453125 0.458333333984375 0.4078125 0.34375 0.3578125 0.270833333984375 0.3015625 0.21875 0.2796875 0.208333333984375 0.2796875 0.216666666015625 0.33125 0.26875 0.33125 0.279166666015625 0.4375 0.504166666015625
0 0.453125 0.45625 0.4421875 0.341666666015625 0.415625 0.2125 0.384375 0.154166666015625 0.3625 0.14375 0.35625 0.147916666015625 0.3671875 0.164583333984375 0.3921875 0.247916666015625 0.415625 0.3625 0.453125 0.45625
0 0.3171875 0.454166666015625 0.33125 0.452083333984375 0.3171875 0.447916666015625 0.3171875 0.454166666015625
0 0.3234375 0.420833333984375 0.3515625 0.425 0.321875 0.40625 0.3234375 0.420833333984375
0 0.35625 0.327083333984375 0.340625 0.327083333984375 0.33125 0.33125 0.35 0.347916666015625 0.3640625 0.3375 0.35625 0.327083333984375
0 0.5890625 0.285416666015625 0.6796875 0.183333333984375 0.646875 0.204166666015625 0.546875 0.297916666015625 0.5 0.360416666015625 0.465625 0.441666666015625 0.459375 0.483333333984375 0.4703125 0.485416666015625 0.5328125 0.360416666015625 0.5890625 0.285416666015625
0 0.60625 0.375 0.678125 0.30625 0.7203125 0.277083333984375 0.9265625 0.185416666015625 0.93125 0.177083333984375 0.7828125 0.227083333984375 0.684375 0.275 0.575 0.35 0.5109375 0.420833333984375 0.5015625 0.441666666015625 0.525 0.425 0.528125 0.414583333984375 0.60625 0.375
0 0.6515625 0.3375 0.7046875 0.30625 0.80625 0.272916666015625 0.8875 0.26875 0.940625 0.28125 0.9828125 0.302083333984375 0.9890625 0.297916666015625 0.953125 0.266666666015625 0.9140625 0.252083333984375 0.809375 0.252083333984375 0.740625 0.270833333984375 0.65 0.320833333984375 0.60625 0.358333333984375 0.5875 0.3625 0.584375 0.377083333984375 0.565625 0.402083333984375 0.59375 0.389583333984375 0.6515625 0.3375
0 0.3359375 0.4625 0.30625 0.5125 0.303125 0.535416666015625 0.3125 0.541666666015625 0.35625 0.46875 0.3359375 0.4625