0 0.3953125 0.5 0.3875 0.44375 0.3921875 0.429166666015625 0.3890625 0.36875 0.4078125 0.222916666015625 0.409375 0.122916666015625 0.396875 0.13125 0.3765625 0.202083333984375 0.3609375 0.364583333984375 0.359375 0.475 0.375 0.508333333984375 0.3875 0.5125 0.3953125 0.5
0 0.528125 0.14375 0.5078125 0.15625 0.4625 0.233333333984375 0.4234375 0.325 0.4 0.40625 0.3953125 0.427083333984375 0.4 0.520833333984375 0.465625 0.295833333984375 0.528125 0.14375
0 0.6015625 0.1125 0.5875 0.110416666015625 0.5734375 0.122916666015625 0.496875 0.229166666015625 0.4484375 0.34375 0.421875 0.43125 0.4203125 0.458333333984375 0.48125 0.322916666015625 0.584375 0.1625 0.6015625 0.1125
0 0.721875 0.379166666015625 0.7171875 0.354166666015625 0.69375 0.322916666015625 0.6765625 0.33125 0.6734375 0.3375 0.709375 0.358333333984375 0.7171875 0.389583333984375 0.721875 0.379166666015625
0 0.609375 0.30625 0.534375 0.345833333984375 0.4984375 0.38125 0.44375 0.4625 0.440625 0.472916666015625 0.5203125 0.389583333984375 0.6390625 0.304166666015625 0.609375 0.30625
0 0.5625 0.408333333984375 0.7140625 0.310416666015625 0.80625 0.2625 0.859375 0.25 0.8671875 0.239583333984375 0.8171875 0.229166666015625 0.7796875 0.235416666015625 0.6640625 0.289583333984375 0.525 0.389583333984375 0.453125 0.46875 0.4375 0.477083333984375 0.40625 0.5375 0.4 0.56875 0.403125 0.585416666015625 0.4671875 0.489583333984375 0.5625 0.408333333984375
0 0.5203125 0.6375 0.48125 0.552083333984375 0.4578125 0.527083333984375 0.44375 0.525 0.490625 0.63125 0.503125 0.647916666015625 0.51875 0.65 0.5203125 0.6375
0 0.4609375 0.916666666015625 0.4625 0.941666666015625 0.478125 0.98125 0.484375 0.99375 0.5328125 0.997916666015625 0.4859375 0.833333333984375 0.4578125 0.764583333984375 0.4390625 0.697916666015625 0.4078125 0.64375 0.3859375 0.633333333984375 0.3796875 0.639583333984375 0.3859375 0.66875 0.4484375 0.897916666015625 0.4609375 0.916666666015625
0 0.4703125 0.964583333984375 0.390625 0.689583333984375 0.3765625 0.66875 0.4171875 0.995833333984375 0.46875 0.997916666015625 0.4734375 0.991666666015625 0.4703125 0.964583333984375
0 0.334375 0.641666666015625 0.359375 0.595833333984375 0.3203125 0.6 0.28125 0.647916666015625 0.2421875 0.745833333984375 0.209375 0.875 0.1890625 0.997916666015625 0.259375 0.997916666015625 0.3015625 0.754166666015625 0.334375 0.641666666015625
0 0.309375 0.583333333984375 0.3328125 0.570833333984375 0.3421875 0.575 0.34375 0.558333333984375 0.296875 0.554166666015625 0.2765625 0.5625 0.2546875 0.579166666015625 0.215625 0.63125 0.16875 0.727083333984375 0.0796875 0.983333333984375 0.0765625 0.997916666015625 0.1265625 0.997916666015625 0.271875 0.64375 0.309375 0.583333333984375
0 0 0.9125 0.0609375 0.810416666015625 0.115625 0.739583333984375 0.196875 0.660416666015625 0.2125 0.635416666015625 0.190625 0.639583333984375 0.103125 0.708333333984375 0.0484375 0.764583333984375 0.0046875 0.827083333984375 0 0.835416666015625 0 0.9125
0 0.2625 0.54375 0.3015625 0.53125 0.334375 0.53125 0.3484375 0.554166666015625 0.371875 0.554166666015625 0.371875 0.541666666015625 0.3390625 0.514583333984375 0.265625 0.510416666015625 0.2265625 0.525 0.1640625 0.579166666015625 0.1046875 0.654166666015625 0.090625 0.689583333984375 0.0875 0.714583333984375 0.0921875 0.71875 0.15 0.639583333984375 0.2625 0.54375
0 0.3390625 0.508333333984375 0.3578125 0.51875 0.3765625 0.547916666015625 0.3828125 0.545833333984375 0.3671875 0.495833333984375 0.3375 0.447916666015625 0.2921875 0.410416666015625 0.25 0.397916666015625 0.2796875 0.410416666015625 0.29375 0.425 0.3265625 0.472916666015625 0.3390625 0.508333333984375
0 0.5875 0.508333333984375 0.5734375 0.539583333984375 0.584375 0.53125 0.6078125 0.48125 0.6109375 0.45625 0.5953125 0.429166666015625 0.5734375 0.4125 0.553125 0.41875 0.5375 0.43125 0.571875 0.429166666015625 0.5890625 0.447916666015625 0.5875 0.508333333984375