0 0.509375 0.358333333984375 0.4984375 0.347916666015625 0.4703125 0.347916666015625 0.4578125 0.366666666015625 0.4546875 0.397916666015625 0.46875 0.372916666015625 0.4953125 0.352083333984375 0.509375 0.358333333984375
0 0.36875 0.610416666015625 0.3234375 0.80625 0.321875 0.839583333984375 0.328125 0.847916666015625 0.359375 0.75 0.36875 0.610416666015625
0 0.3828125 0.879166666015625 0.390625 0.74375 0.4421875 0.43125 0.4578125 0.366666666015625 0.4765625 0.320833333984375 0.509375 0.339583333984375 0.5171875 0.3625 0.525 0.35625 0.5265625 0.333333333984375 0.5109375 0.3125 0.49375 0.302083333984375 0.4625 0.310416666015625 0.428125 0.3625 0.4 0.45 0.3625 0.65625 0.359375 0.74375 0.3640625 0.820833333984375 0.371875 0.8625 0.3828125 0.879166666015625
0 0.75625 0.858333333984375 0.778125 0.86875 0.778125 0.84375 0.7578125 0.760416666015625 0.64375 0.445833333984375 0.5859375 0.347916666015625 0.5640625 0.327083333984375 0.55 0.329166666015625 0.5546875 0.360416666015625 0.646875 0.577083333984375 0.7265625 0.791666666015625 0.75625 0.858333333984375
0 0.7640625 0.866666666015625 0.7421875 0.825 0.7390625 0.839583333984375 0.7546875 0.945833333984375 0.7640625 0.925 0.7640625 0.866666666015625
0 0.2890625 0.385416666015625 0.271875 0.333333333984375 0.2765625 0.3125 0.36875 0.26875 0.4140625 0.264583333984375 0.3875 0.25625 0.3375 0.264583333984375 0.3015625 0.28125 0.2609375 0.322916666015625 0.2578125 0.347916666015625 0.2625 0.3625 0.2765625 0.383333333984375 0.2890625 0.385416666015625
0 0.259375 0.08125 0.3296875 0.116666666015625 0.3828125 0.158333333984375 0.4546875 0.235416666015625 0.490625 0.289583333984375 0.5046875 0.289583333984375 0.4953125 0.252083333984375 0.45625 0.19375 0.375 0.104166666015625 0.3375 0.079166666015625 0.2890625 0.0625 0.2625 0.0625 0.2328125 0.085416666015625 0.2328125 0.110416666015625 0.24375 0.129166666015625 0.2453125 0.097916666015625 0.259375 0.08125
0 0.4484375 0.254166666015625 0.415625 0.233333333984375 0.3734375 0.220833333984375 0.2890625 0.21875 0.196875 0.241666666015625 0.1328125 0.277083333984375 0.1296875 0.2875 0.3078125 0.235416666015625 0.3953125 0.239583333984375 0.4484375 0.254166666015625
0 0.234375 0.285416666015625 0.265625 0.2625 0.2875 0.252083333984375 0.3546875 0.25 0.4265625 0.266666666015625 0.4796875 0.302083333984375 0.49375 0.2875 0.4765625 0.26875 0.4140625 0.2375 0.378125 0.245833333984375 0.34375 0.235416666015625 0.2796875 0.239583333984375 0.225 0.2625 0.1953125 0.289583333984375 0.1734375 0.325 0.1484375 0.4 0.1375 0.466666666015625 0.1359375 0.535416666015625 0.1546875 0.4625 0.20625 0.329166666015625 0.234375 0.285416666015625
0 0.259375 0.08125 0.328125 0.114583333984375 0.4328125 0.2125 0.490625 0.289583333984375 0.5078125 0.289583333984375 0.4953125 0.252083333984375 0.45625 0.19375 0.3609375 0.09375 0.2890625 0.0625 0.2625 0.0625 0.2328125 0.085416666015625 0.240625 0.127083333984375 0.246875 0.125 0.246875 0.097916666015625 0.259375 0.08125
0 0.565625 0 0.5515625 0.058333333984375 0.55 0.102083333984375 0.5671875 0.116666666015625 0.596875 0 0.565625 0
0 0.5734375 0.2875 0.56875 0.272916666015625 0.575 0.264583333984375 0.59375 0.245833333984375 0.60625 0.24375 0.575 0.23125 0.5625 0.239583333984375 0.54375 0.272916666015625 0.53125 0.302083333984375 0.5484375 0.31875 0.5640625 0.2875 0.5734375 0.2875
0 0.7484375 0.24375 0.784375 0.291666666015625 0.803125 0.345833333984375 0.8171875 0.35625 0.8140625 0.283333333984375 0.796875 0.25 0.7375 0.2125 0.6828125 0.202083333984375 0.640625 0.20625 0.6296875 0.210416666015625 0.6421875 0.229166666015625 0.7140625 0.222916666015625 0.7484375 0.24375
0 0.5921875 0.233333333984375 0.6484375 0.30625 0.6578125 0.304166666015625 0.6578125 0.264583333984375 0.65 0.241666666015625 0.6046875 0.185416666015625 0.58125 0.18125 0.5421875 0.191666666015625 0.5328125 0.202083333984375 0.525 0.233333333984375 0.521875 0.289583333984375 0.528125 0.297916666015625 0.5703125 0.233333333984375 0.5921875 0.233333333984375
0 0.553125 0.18125 0.5484375 0.16875 0.5640625 0.15 0.5671875 0.127083333984375 0.5609375 0.108333333984375 0.540625 0.10625 0.5390625 0.097916666015625 0.515625 0.1125 0.5125 0.122916666015625 0.5109375 0.20625 0.51875 0.25 0.5296875 0.202083333984375 0.553125 0.18125
0 0.4859375 0 0.5046875 0.19375 0.5109375 0.177083333984375 0.50625 0.158333333984375 0.509375 0.129166666015625 0.528125 0.077083333984375 0.5171875 0 0.4859375 0
0 0.484375 0 0.4546875 0.002083333984375 0.49375 0.170833333984375 0.4953125 0.108333333984375 0.484375 0