0 0.3109375 0.6875 0.325 0.64375 0.390625 0.552083333984375 0.440625 0.525 0.5015625 0.5125 0.5390625 0.525 0.5875 0.570833333984375 0.5953125 0.55625 0.5875 0.535416666015625 0.5390625 0.49375 0.4875 0.485416666015625 0.446875 0.4875 0.365625 0.520833333984375 0.3203125 0.5875 0.2984375 0.641666666015625 0.278125 0.722916666015625 0.2609375 0.839583333984375 0.2609375 0.885416666015625 0.2765625 0.933333333984375 0.2828125 0.81875 0.3109375 0.6875
0 0.3078125 0.55625 0.2609375 0.616666666015625 0.2625 0.627083333984375 0.3578125 0.529166666015625 0.3375 0.533333333984375 0.3078125 0.55625
0 0.4078125 0.40625 0.403125 0.414583333984375 0.4171875 0.416666666015625 0.4296875 0.402083333984375 0.4078125 0.40625
0 0.35 0.485416666015625 0.3359375 0.525 0.334375 0.535416666015625 0.353125 0.525 0.3734375 0.479166666015625 0.35 0.485416666015625
0 0.375 0.45625 0.4859375 0.45625 0.5890625 0.497916666015625 0.6125 0.525 0.615625 0.514583333984375 0.609375 0.472916666015625 0.596875 0.46875 0.5953125 0.458333333984375 0.58125 0.454166666015625 0.5796875 0.445833333984375 0.5703125 0.447916666015625 0.56875 0.458333333984375 0.55 0.458333333984375 0.5390625 0.44375 0.48125 0.425 0.346875 0.41875 0.2828125 0.429166666015625 0.1640625 0.472916666015625 0.0828125 0.514583333984375 0.0109375 0.572916666015625 0.00625 0.583333333984375 0.0328125 0.560416666015625 0.228125 0.489583333984375 0.375 0.45625
0 0.4796875 0.40625 0.5234375 0.43125 0.5671875 0.4375 0.553125 0.416666666015625 0.509375 0.389583333984375 0.3953125 0.352083333984375 0.2453125 0.364583333984375 0.165625 0.385416666015625 0.14375 0.402083333984375 0.1979171875 0.389583333984375 0.434375 0.39375 0.4796875 0.40625
0 0.478125 0.30625 0.5453125 0.408333333984375 0.5671875 0.41875 0.5671875 0.402083333984375 0.5125 0.316666666015625 0.4734375 0.26875 0.4078125 0.20625 0.3109375 0.14375 0.2640625 0.129166666015625 0.228125 0.135416666015625 0.2203125 0.15 0.2859375 0.145833333984375 0.384375 0.210416666015625 0.478125 0.30625
0 0.5484375 0.329166666015625 0.6296875 0.514583333984375 0.6421875 0.51875 0.6203125 0.445833333984375 0.5640625 0.322916666015625 0.484375 0.2375 0.4453125 0.225 0.4453125 0.233333333984375 0.4703125 0.2375 0.4953125 0.25625 0.5484375 0.329166666015625
0 0.2359375 0.491666666015625 0.2359375 0.502083333984375 0.240625 0.502083333984375 0.24375 0.489583333984375 0.2359375 0.491666666015625
0 0.2609375 0.395833333984375 0.2421875 0.43125 0.2453125 0.439583333984375 0.271875 0.429166666015625 0.2890625 0.39375 0.2609375 0.395833333984375
0 0.80625 0.514583333984375 0.8703125 0.50625 0.9890625 0.53125 0.9984375 0.529166666015625 0.9984375 0.50625 0.9203125 0.485416666015625 0.8171875 0.479166666015625 0.7859375 0.49375 0.7546875 0.49375 0.7125 0.529166666015625 0.6984375 0.55625 0.7015625 0.560416666015625 0.7453125 0.535416666015625 0.80625 0.514583333984375
0 0.790625 0.472916666015625 0.7296875 0.508333333984375 0.7234375 0.51875 0.753125 0.5 0.8578125 0.477083333984375 0.790625 0.472916666015625
0 0.9765625 0.577083333984375 0.9484375 0.535416666015625 0.903125 0.514583333984375 0.89375 0.514583333984375 0.9734375 0.60625 0.9859375 0.6125 0.9765625 0.577083333984375
0 0.7953125 0.439583333984375 0.9421875 0.364583333984375 0.9984375 0.358333333984375 0.9984375 0.320833333984375 0.9390625 0.316666666015625 0.9015625 0.333333333984375 0.7234375 0.46875 0.71875 0.479166666015625 0.725 0.48125 0.75625 0.46875 0.7953125 0.439583333984375
0 0.753125 0.4 0.8421875 0.30625 0.9984375 0.183333333984375 0.9984375 0.152083333984375 0.9375 0.189583333984375 0.7953125 0.3 0.725 0.385416666015625 0.6734375 0.495833333984375 0.671875 0.516666666015625 0.70625 0.479166666015625 0.7203125 0.44375 0.753125 0.4
0 0.7359375 0.366666666015625 0.8 0.2875 0.834375 0.266666666015625 0.871875 0.225 0.9828125 0.127083333984375 0.984375 0.11875 0.9625 0.125 0.8421875 0.208333333984375 0.7578125 0.295833333984375 0.6953125 0.391666666015625 0.653125 0.491666666015625 0.6515625 0.55 0.6578125 0.554166666015625 0.6890625 0.45625 0.7359375 0.366666666015625