0 0.446875 0.689583333984375 0.4625 0.647916666015625 0.484375 0.616666666015625 0.475 0.6 0.459375 0.595833333984375 0.45 0.604166666015625 0.41875 0.664583333984375 0.359375 0.8125 0.309375 0.985416666015625 0.3078125 0.997916666015625 0.3453125 0.997916666015625 0.359375 0.972916666015625 0.446875 0.689583333984375
0 0 0.635416666015625 0.178125 0.5625 0.2546875 0.541666666015625 0.3328125 0.53125 0.4078125 0.5375 0.4578125 0.5625 0.4796875 0.583333333984375 0.484375 0.577083333984375 0.459375 0.547916666015625 0.41875 0.525 0.3671875 0.514583333984375 0.3109375 0.514583333984375 0.1703125 0.54375 0.00625 0.608333333984375 0 0.6125 0 0.635416666015625
0 0.35 0.410416666015625 0.3921875 0.4375 0.465625 0.51875 0.4703125 0.533333333984375 0.4734375 0.529166666015625 0.459375 0.5 0.4078125 0.43125 0.3609375 0.395833333984375 0.3140625 0.377083333984375 0.2328125 0.370833333984375 0.1234375 0.385416666015625 0.0578125 0.40625 0.003125 0.4375 0 0.454166666015625 0.196875 0.395833333984375 0.315625 0.4 0.35 0.410416666015625
0 0 0.29375 0.0953125 0.2 0.1375 0.177083333984375 0.1703125 0.179166666015625 0.2609375 0.247916666015625 0.3890625 0.36875 0.4578125 0.460416666015625 0.5078125 0.545833333984375 0.496875 0.49375 0.4140625 0.36875 0.3265625 0.275 0.2203125 0.195833333984375 0.146875 0.1625 0.121875 0.164583333984375 0.00625 0.254166666015625 0 0.260416666015625 0 0.29375
0 0.14375 0 0.259375 0.125 0.4421875 0.383333333984375 0.48125 0.454166666015625 0.5046875 0.527083333984375 0.5125 0.485416666015625 0.5046875 0.458333333984375 0.4703125 0.385416666015625 0.415625 0.29375 0.2296875 0.066666666015625 0.1484375 0 0.14375 0
0 0.4890625 0.229166666015625 0.4515625 0.14375 0.51875 0.472916666015625 0.5375 0.454166666015625 0.521875 0.333333333984375 0.4890625 0.229166666015625
0 0.6234375 0.408333333984375 0.68125 0.335416666015625 0.678125 0.327083333984375 0.70625 0.283333333984375 0.7921875 0.164583333984375 0.9125 0.027083333984375 0.8890625 0.022916666015625 0.875 0.029166666015625 0.8328125 0.058333333984375 0.79375 0.097916666015625 0.6296875 0.325 0.56875 0.435416666015625 0.5640625 0.454166666015625 0.5828125 0.470833333984375 0.5921875 0.46875 0.6234375 0.408333333984375
0 0.83125 0.308333333984375 0.8296875 0.316666666015625 0.8375 0.322916666015625 0.8421875 0.308333333984375 0.83125 0.308333333984375
0 0.8109375 0.258333333984375 0.83125 0.25 0.8328125 0.241666666015625 0.81875 0.225 0.784375 0.214583333984375 0.76875 0.21875 0.7046875 0.285416666015625 0.68125 0.325 0.6765625 0.347916666015625 0.7875 0.2375 0.803125 0.241666666015625 0.8109375 0.258333333984375
0 0.9984375 0.23125 0.9984375 0.191666666015625 0.953125 0.2 0.859375 0.2375 0.7421875 0.302083333984375 0.6578125 0.36875 0.625 0.410416666015625 0.5953125 0.466666666015625 0.596875 0.483333333984375 0.6796875 0.40625 0.8078125 0.320833333984375 0.9984375 0.23125
0 0.7421875 0.4375 0.8484375 0.447916666015625 0.771875 0.420833333984375 0.71875 0.425 0.65 0.454166666015625 0.6125 0.4875 0.60625 0.495833333984375 0.6125 0.510416666015625 0.6703125 0.46875 0.7421875 0.4375
0 0.6921875 0.508333333984375 0.69375 0.5 0.8046875 0.491666666015625 0.90625 0.502083333984375 0.9984375 0.527083333984375 0.9953125 0.483333333984375 0.871875 0.454166666015625 0.753125 0.460416666015625 0.696875 0.472916666015625 0.65625 0.4875 0.65 0.5 0.6265625 0.502083333984375 0.6125 0.514583333984375 0.615625 0.525 0.6640625 0.522916666015625 0.6921875 0.508333333984375
0 0.9984375 0.55625 0.990625 0.552083333984375 0.834375 0.497916666015625 0.746875 0.497916666015625 0.6796875 0.514583333984375 0.671875 0.522916666015625 0.80625 0.529166666015625 0.9984375 0.58125 0.9984375 0.55625
0 0.7921875 0.560416666015625 0.853125 0.56875 0.9640625 0.6 0.9625 0.5875 0.9328125 0.56875 0.7859375 0.53125 0.721875 0.525 0.7078125 0.535416666015625 0.684375 0.527083333984375 0.6578125 0.53125 0.6390625 0.54375 0.6328125 0.552083333984375 0.6390625 0.5625 0.6953125 0.552083333984375 0.7921875 0.560416666015625
0 0.5390625 0.54375 0.540625 0.527083333984375 0.5609375 0.529166666015625 0.575 0.597916666015625 0.5671875 0.610416666015625 0.5796875 0.625 0.621875 0.972916666015625 0.6328125 0.997916666015625 0.6640625 0.997916666015625 0.6671875 0.933333333984375 0.659375 0.70625 0.6484375 0.672916666015625 0.646875 0.63125 0.6328125 0.570833333984375 0.596875 0.49375 0.5625 0.458333333984375 0.5328125 0.4625 0.515625 0.510416666015625 0.5171875 0.55625 0.525 0.558333333984375 0.528125 0.545833333984375 0.5390625 0.54375
0 0.725 0.835416666015625 0.65625 0.7 0.665625 0.8 0.740625 0.997916666015625 0.7796875 0.997916666015625 0.725 0.835416666015625