0 0.3828125 0.766666666015625 0.4171875 0.639583333984375 0.45 0.566666666015625 0.4421875 0.55625 0.421875 0.570833333984375 0.4203125 0.585416666015625 0.378125 0.670833333984375 0.271875 0.985416666015625 0.2703125 0.997916666015625 0.3015625 0.997916666015625 0.3109375 0.983333333984375 0.3828125 0.766666666015625
0 0.4140625 0.591666666015625 0.41875 0.570833333984375 0.4328125 0.554166666015625 0.45 0.552083333984375 0.4484375 0.529166666015625 0.4 0.53125 0.3578125 0.597916666015625 0.290625 0.683333333984375 0.2234375 0.8 0.1578125 0.954166666015625 0.15625 0.977083333984375 0.1609375 0.979166666015625 0.1859375 0.952083333984375 0.4140625 0.591666666015625
0 0.3484375 0.597916666015625 0.390625 0.545833333984375 0.3703125 0.541666666015625 0.3015625 0.585416666015625 0.1921875 0.697916666015625 0.1921875 0.70625 0.2 0.70625 0.296875 0.639583333984375 0.3484375 0.597916666015625
0 0.415625 0.479166666015625 0.4 0.447916666015625 0.2890625 0.364583333984375 0.2296875 0.3375 0.1484375 0.316666666015625 0.134375 0.320833333984375 0.315625 0.416666666015625 0.40625 0.483333333984375 0.415625 0.479166666015625
0 0.415625 0.460416666015625 0.421875 0.483333333984375 0.4375 0.4875 0.4484375 0.5125 0.45625 0.5125 0.4578125 0.479166666015625 0.44375 0.452083333984375 0.3375 0.325 0.24375 0.24375 0.184375 0.2125 0.153125 0.20625 0.1515625 0.214583333984375 0.16875 0.239583333984375 0.328125 0.375 0.415625 0.460416666015625
0 0.4640625 0.51875 0.4734375 0.539583333984375 0.4796875 0.495833333984375 0.4703125 0.416666666015625 0.4453125 0.35625 0.40625 0.302083333984375 0.4015625 0.302083333984375 0.4046875 0.316666666015625 0.45625 0.454166666015625 0.4640625 0.51875
0 0.184375 0.25 0.15625 0.227083333984375 0.10625 0.25 0.0703125 0.289583333984375 0.0671875 0.302083333984375 0.134375 0.266666666015625 0.184375 0.258333333984375 0.184375 0.25
0 0.1703125 0.275 0.265625 0.320833333984375 0.1953125 0.260416666015625 0.15 0.264583333984375 0.14375 0.275 0.15 0.302083333984375 0.15625 0.279166666015625 0.1703125 0.275
0 0.7328125 0.435416666015625 0.7484375 0.41875 0.6765625 0.416666666015625 0.61875 0.43125 0.525 0.472916666015625 0.484375 0.514583333984375 0.4828125 0.535416666015625 0.490625 0.535416666015625 0.5421875 0.504166666015625 0.7328125 0.435416666015625
0 0.9890625 0.31875 0.9703125 0.308333333984375 0.921875 0.30625 0.8328125 0.322916666015625 0.7265625 0.364583333984375 0.59375 0.43125 0.590625 0.435416666015625 0.6953125 0.40625 0.7546875 0.404166666015625 0.9890625 0.31875
0 0.603125 0.5375 0.671875 0.552083333984375 0.8375 0.604166666015625 0.940625 0.61875 0.971875 0.6125 0.953125 0.589583333984375 0.8765625 0.552083333984375 0.68125 0.495833333984375 0.603125 0.489583333984375 0.528125 0.514583333984375 0.528125 0.535416666015625 0.553125 0.529166666015625 0.5578125 0.5375 0.603125 0.5375
0 0.8640625 0.429166666015625 0.8796875 0.458333333984375 0.871875 0.427083333984375 0.8453125 0.385416666015625 0.803125 0.383333333984375 0.74375 0.40625 0.7578125 0.427083333984375 0.80625 0.416666666015625 0.85 0.420833333984375 0.8640625 0.429166666015625
0 0.83125 0.760416666015625 0.8546875 0.775 0.86875 0.775 0.86875 0.764583333984375 0.834375 0.725 0.684375 0.616666666015625 0.6203125 0.579166666015625 0.6296875 0.595833333984375 0.721875 0.679166666015625 0.7671875 0.70625 0.83125 0.760416666015625
0 0.8890625 0.860416666015625 0.8625 0.820833333984375 0.6984375 0.65625 0.6359375 0.602083333984375 0.6171875 0.59375 0.6140625 0.577083333984375 0.5484375 0.545833333984375 0.5140625 0.547916666015625 0.515625 0.554166666015625 0.53125 0.554166666015625 0.7578125 0.772916666015625 0.8890625 0.860416666015625
0 0.74375 0.995833333984375 0.7734375 0.997916666015625 0.703125 0.810416666015625 0.6515625 0.716666666015625 0.5421875 0.575 0.525 0.558333333984375 0.5 0.554166666015625 0.5015625 0.570833333984375 0.5625 0.654166666015625 0.675 0.854166666015625 0.74375 0.995833333984375