0 0.3828125 0.308333333984375 0.48125 0.283333333984375 0.5359375 0.29375 0.553125 0.291666666015625 0.553125 0.285416666015625 0.4578125 0.258333333984375 0.35625 0.275 0.1171875 0.402083333984375 0.0421875 0.464583333984375 0.0078125 0.51875 0.0046875 0.53125 0.04375 0.495833333984375 0.0984375 0.4625 0.3828125 0.308333333984375
0 0.2734375 0.585416666015625 0.3421875 0.485416666015625 0.4109375 0.414583333984375 0.4125 0.404166666015625 0.428125 0.4 0.428125 0.389583333984375 0.4109375 0.389583333984375 0.371875 0.420833333984375 0.26875 0.535416666015625 0.2 0.654166666015625 0.1703125 0.7375 0.1671875 0.7875 0.171875 0.79375 0.1953125 0.727083333984375 0.2734375 0.585416666015625
0 0.2796875 0.670833333984375 0.375 0.510416666015625 0.396875 0.45625 0.4390625 0.385416666015625 0.4140625 0.389583333984375 0.39375 0.410416666015625 0.2859375 0.572916666015625 0.2359375 0.675 0.2 0.791666666015625 0.196875 0.833333333984375 0.203125 0.845833333984375 0.2203125 0.79375 0.2796875 0.670833333984375
0 0.5609375 0.341666666015625 0.615625 0.314583333984375 0.559375 0.291666666015625 0.5 0.325 0.4546875 0.370833333984375 0.4171875 0.422916666015625 0.3953125 0.4625 0.378125 0.5125 0.3765625 0.535416666015625 0.3875 0.535416666015625 0.5359375 0.3625 0.5609375 0.341666666015625
0 0.6484375 0.679166666015625 0.646875 0.454166666015625 0.628125 0.41875 0.6171875 0.43125 0.6203125 0.458333333984375 0.6140625 0.472916666015625 0.5953125 0.735416666015625 0.584375 0.99375 0.6046875 0.997916666015625 0.6359375 0.80625 0.6484375 0.679166666015625
0 0.696875 0.652083333984375 0.6875 0.5375 0.6578125 0.447916666015625 0.6515625 0.44375 0.6515625 0.677083333984375 0.678125 0.99375 0.7078125 0.997916666015625 0.696875 0.652083333984375
0 0.771875 0.997916666015625 0.7546875 0.8375 0.73125 0.7 0.7078125 0.591666666015625 0.684375 0.53125 0.6984375 0.702083333984375 0.74375 0.9875 0.746875 0.997916666015625 0.771875 0.997916666015625
0 0.803125 0.997916666015625 0.825 0.997916666015625 0.8140625 0.78125 0.7609375 0.50625 0.7265625 0.414583333984375 0.703125 0.389583333984375 0.678125 0.3875 0.671875 0.404166666015625 0.7015625 0.479166666015625 0.8 0.9875 0.803125 0.997916666015625
0 0.6703125 0.24375 0.66875 0.202083333984375 0.6328125 0.18125 0.6140625 0.260416666015625 0.6125 0.304166666015625 0.6359375 0.31875 0.646875 0.354166666015625 0.6703125 0.24375
0 0.7234375 0.383333333984375 0.7296875 0.4 0.7375 0.395833333984375 0.753125 0.408333333984375 0.7890625 0.483333333984375 0.796875 0.485416666015625 0.803125 0.477083333984375 0.7859375 0.458333333984375 0.7546875 0.389583333984375 0.7265625 0.358333333984375 0.684375 0.35 0.646875 0.377083333984375 0.640625 0.391666666015625 0.646875 0.395833333984375 0.6953125 0.375 0.7234375 0.383333333984375
0 0.7171875 0.339583333984375 0.6921875 0.322916666015625 0.6703125 0.33125 0.65625 0.347916666015625 0.6546875 0.370833333984375 0.7 0.339583333984375 0.7265625 0.35625 0.7171875 0.339583333984375
0 0.7875 0 0.78125 0.008333333984375 0.6953125 0.18125 0.665625 0.279166666015625 0.6671875 0.304166666015625 0.746875 0.145833333984375 0.8375 0 0.7875 0
0 0.653125 0.002083333984375 0.6296875 0.1375 0.6296875 0.179166666015625 0.6671875 0.19375 0.6734375 0 0.653125 0.002083333984375
0 0.6328125 0 0.6328125 0.089583333984375 0.653125 0 0.6328125 0
0 0.665625 0 0.6671875 0.0125 0.6734375 0.014583333984375 0.6671875 0.066666666015625 0.6734375 0.097916666015625 0.66875 0.195833333984375 0.675 0.204166666015625 0.6890625 0.141666666015625 0.703125 0 0.665625 0
0 0.6203125 0.197916666015625 0.603125 0.127083333984375 0.559375 0 0.4828125 0.002083333984375 0.5953125 0.241666666015625 0.6078125 0.283333333984375 0.6203125 0.197916666015625