0 0.4828125 0.983333333984375 0.484375 0.895833333984375 0.4546875 0.485416666015625 0.41875 0.502083333984375 0.4078125 0.55625 0.4078125 0.625 0.421875 0.747916666015625 0.459375 0.927083333984375 0.4828125 0.983333333984375
0 0.640625 0.783333333984375 0.6515625 0.8 0.6609375 0.802083333984375 0.6640625 0.777083333984375 0.6578125 0.722916666015625 0.6328125 0.633333333984375 0.5515625 0.425 0.5234375 0.383333333984375 0.5 0.372916666015625 0.4703125 0.389583333984375 0.471875 0.402083333984375 0.490625 0.422916666015625 0.640625 0.783333333984375
0 0.50625 0.504166666015625 0.4765625 0.525 0.4765625 0.541666666015625 0.5234375 0.5125 0.5234375 0.50625 0.50625 0.504166666015625
0 0.709375 0.602083333984375 0.8328125 0.747916666015625 0.9 0.816666666015625 0.8171875 0.695833333984375 0.759375 0.627083333984375 0.6765625 0.55 0.5875 0.502083333984375 0.584375 0.508333333984375 0.590625 0.516666666015625 0.6515625 0.55 0.709375 0.602083333984375
0 0.7484375 0.427083333984375 0.8625 0.495833333984375 0.990625 0.608333333984375 0.9640625 0.560416666015625 0.90625 0.5 0.8359375 0.44375 0.7640625 0.404166666015625 0.715625 0.391666666015625 0.6578125 0.39375 0.6046875 0.402083333984375 0.5578125 0.420833333984375 0.5578125 0.435416666015625 0.6265625 0.414583333984375 0.7234375 0.41875 0.7484375 0.427083333984375
0 0.7484375 0.275 0.8390625 0.260416666015625 0.896875 0.275 0.953125 0.275 0.9046875 0.254166666015625 0.840625 0.24375 0.71875 0.258333333984375 0.6484375 0.285416666015625 0.596875 0.316666666015625 0.5328125 0.375 0.528125 0.385416666015625 0.540625 0.389583333984375 0.628125 0.325 0.7484375 0.275
0 0.271875 0.616666666015625 0.2546875 0.56875 0.24375 0.46875 0.2546875 0.416666666015625 0.2703125 0.408333333984375 0.334375 0.422916666015625 0.3828125 0.4625 0.3921875 0.4625 0.3640625 0.41875 0.3078125 0.395833333984375 0.275 0.395833333984375 0.25625 0.40625 0.228125 0.45 0.2265625 0.49375 0.2375 0.560416666015625 0.26875 0.625 0.271875 0.616666666015625
0 0.2703125 0.358333333984375 0.35625 0.39375 0.325 0.352083333984375 0.28125 0.33125 0.221875 0.3375 0.171875 0.3625 0.1703125 0.375 0.178125 0.377083333984375 0.203125 0.35625 0.2703125 0.358333333984375
0 0.3421875 0.391666666015625 0.365625 0.402083333984375 0.371875 0.395833333984375 0.3734375 0.377083333984375 0.3453125 0.320833333984375 0.309375 0.297916666015625 0.2375 0.2875 0.2421875 0.302083333984375 0.290625 0.322916666015625 0.3390625 0.360416666015625 0.3421875 0.391666666015625
0 0.428125 0.410416666015625 0.4109375 0.358333333984375 0.3609375 0.275 0.3109375 0.222916666015625 0.29375 0.216666666015625 0.34375 0.308333333984375 0.4078125 0.45625 0.4265625 0.470833333984375 0.428125 0.410416666015625
0 0.4609375 0.202083333984375 0.459375 0.160416666015625 0.440625 0.147916666015625 0.4296875 0.16875 0.4234375 0.258333333984375 0.4203125 0.3625 0.43125 0.402083333984375 0.453125 0.316666666015625 0.4609375 0.202083333984375
0 0.5640625 0.177083333984375 0.534375 0.19375 0.5078125 0.227083333984375 0.46875 0.289583333984375 0.4453125 0.347916666015625 0.4453125 0.385416666015625 0.453125 0.3875 0.51875 0.24375 0.5640625 0.177083333984375
0 0.6234375 0.266666666015625 0.7546875 0.191666666015625 0.8046875 0.170833333984375 0.740625 0.18125 0.6390625 0.229166666015625 0.5421875 0.29375 0.484375 0.358333333984375 0.478125 0.379166666015625 0.50625 0.366666666015625 0.5484375 0.322916666015625 0.6234375 0.266666666015625