0 0.2890625 0.75 0.2328125 0.729166666015625 0.18125 0.722916666015625 0.003125 0.735416666015625 0 0.783333333984375 0.15 0.758333333984375 0.2609375 0.7625 0.2890625 0.75
0 0.2140625 0.795833333984375 0.11875 0.833333333984375 0.003125 0.910416666015625 0 0.96875 0.0875 0.895833333984375 0.1734375 0.839583333984375 0.2140625 0.795833333984375
0 0.2796875 0.827083333984375 0.3171875 0.791666666015625 0.3421875 0.78125 0.365625 0.779166666015625 0.371875 0.785416666015625 0.371875 0.779166666015625 0.3234375 0.752083333984375 0.2875 0.754166666015625 0.240625 0.777083333984375 0.1625 0.858333333984375 0.0984375 0.9875 0.096875 0.997916666015625 0.171875 0.997916666015625 0.2203125 0.908333333984375 0.2796875 0.827083333984375
0 0.36875 0.795833333984375 0.3234375 0.795833333984375 0.30625 0.808333333984375 0.26875 0.864583333984375 0.2171875 0.979166666015625 0.21875 0.99375 0.2828125 0.997916666015625 0.340625 0.845833333984375 0.36875 0.795833333984375
0 0.371875 0.81875 0.3515625 0.833333333984375 0.334375 0.891666666015625 0.3328125 0.995833333984375 0.3765625 0.997916666015625 0.378125 0.835416666015625 0.371875 0.81875
0 0.4078125 0.68125 0.4109375 0.539583333984375 0.4 0.345833333984375 0.3859375 0.316666666015625 0.375 0.358333333984375 0.365625 0.466666666015625 0.3640625 0.685416666015625 0.3859375 0.760416666015625 0.3953125 0.7625 0.4078125 0.68125
0 0.4484375 0.695833333984375 0.4625 0.691666666015625 0.4859375 0.635416666015625 0.51875 0.583333333984375 0.7625 0.270833333984375 0.8515625 0.170833333984375 0.9453125 0.0375 0.9578125 0.0125 0.9546875 0.002083333984375 0.921875 0.014583333984375 0.8359375 0.102083333984375 0.696875 0.264583333984375 0.5671875 0.43125 0.4734375 0.56875 0.428125 0.654166666015625 0.4109375 0.708333333984375 0.4203125 0.760416666015625 0.4046875 0.76875 0.4046875 0.789583333984375 0.4140625 0.789583333984375 0.4421875 0.729166666015625 0.4484375 0.695833333984375
0 0.9 0.445833333984375 0.890625 0.427083333984375 0.8828125 0.427083333984375 0.8796875 0.4875 0.890625 0.489583333984375 0.9 0.466666666015625 0.9 0.445833333984375
0 0.6078125 0.539583333984375 0.6125 0.527083333984375 0.6578125 0.497916666015625 0.6671875 0.48125 0.75 0.425 0.8046875 0.4 0.8484375 0.391666666015625 0.8546875 0.383333333984375 0.81875 0.35625 0.759375 0.36875 0.6296875 0.445833333984375 0.5578125 0.535416666015625 0.5390625 0.564583333984375 0.5734375 0.5625 0.5828125 0.54375 0.6078125 0.539583333984375
0 0.53125 0.583333333984375 0.5140625 0.608333333984375 0.5140625 0.622916666015625 0.5046875 0.625 0.5015625 0.635416666015625 0.5578125 0.5875 0.55625 0.58125 0.53125 0.583333333984375
0 0.7515625 0.54375 0.7734375 0.629166666015625 0.7796875 0.639583333984375 0.784375 0.635416666015625 0.784375 0.59375 0.771875 0.55 0.7375 0.5125 0.703125 0.49375 0.65 0.495833333984375 0.5640625 0.566666666015625 0.5625 0.58125 0.634375 0.541666666015625 0.728125 0.529166666015625 0.7515625 0.54375
0 0.4875 0.310416666015625 0.5359375 0.175 0.596875 0.070833333984375 0.5703125 0.06875 0.5359375 0.095833333984375 0.5125 0.129166666015625 0.4765625 0.208333333984375 0.440625 0.325 0.4140625 0.49375 0.4109375 0.683333333984375 0.425 0.635416666015625 0.459375 0.43125 0.4875 0.310416666015625
0 0.409375 0.4625 0.4140625 0.466666666015625 0.4265625 0.285416666015625 0.4421875 0.164583333984375 0.4390625 0.127083333984375 0.4265625 0.1375 0.415625 0.1625 0.3859375 0.291666666015625 0.3828125 0.316666666015625 0.39375 0.31875 0.403125 0.352083333984375 0.409375 0.4625
0 0.3859375 0.777083333984375 0.3484375 0.64375 0.334375 0.620833333984375 0.3265625 0.635416666015625 0.3296875 0.689583333984375 0.34375 0.7375 0.353125 0.758333333984375 0.3859375 0.777083333984375