0 0.5046875 0.397916666015625 0.546875 0.372916666015625 0.5796875 0.333333333984375 0.5421875 0.333333333984375 0.5390625 0.341666666015625 0.484375 0.354166666015625 0.3828125 0.420833333984375 0.2046875 0.583333333984375 0.1296875 0.68125 0.121875 0.714583333984375 0.1828125 0.670833333984375 0.3765625 0.497916666015625 0.5046875 0.397916666015625
0 0.4734375 0.420833333984375 0.3859375 0.49375 0.30625 0.597916666015625 0.2546875 0.702083333984375 0.2546875 0.74375 0.3234375 0.635416666015625 0.4875 0.41875 0.4734375 0.420833333984375
0 0.496875 0.4625 0.5046875 0.4375 0.4828125 0.43125 0.3859375 0.552083333984375 0.31875 0.664583333984375 0.2796875 0.764583333984375 0.278125 0.797916666015625 0.2859375 0.802083333984375 0.4171875 0.577083333984375 0.496875 0.4625
0 0.60625 0.385416666015625 0.6015625 0.327083333984375 0.5703125 0.347916666015625 0.5109375 0.439583333984375 0.428125 0.610416666015625 0.396875 0.704166666015625 0.3953125 0.7375 0.4375 0.691666666015625 0.5953125 0.408333333984375 0.60625 0.385416666015625
0 0.6515625 0.333333333984375 0.64375 0.322916666015625 0.6265625 0.325 0.609375 0.310416666015625 0.609375 0.4125 0.615625 0.429166666015625 0.646875 0.3875 0.6515625 0.333333333984375
0 0.578125 0.89375 0.621875 0.65 0.6328125 0.43125 0.609375 0.43125 0.578125 0.670833333984375 0.5640625 0.854166666015625 0.55 0.947916666015625 0.55625 0.970833333984375 0.578125 0.89375
0 0.6328125 0.995833333984375 0.6375 0.979166666015625 0.6546875 0.658333333984375 0.646875 0.502083333984375 0.6359375 0.416666666015625 0.63125 0.420833333984375 0.6328125 0.5125 0.61875 0.65625 0.6203125 0.995833333984375 0.6328125 0.995833333984375
0 0.65625 0.583333333984375 0.6859375 0.895833333984375 0.7 0.94375 0.703125 0.995833333984375 0.7171875 0.997916666015625 0.725 0.81875 0.709375 0.575 0.6890625 0.454166666015625 0.65625 0.383333333984375 0.6484375 0.389583333984375 0.640625 0.40625 0.64375 0.45625 0.6578125 0.5125 0.65625 0.583333333984375
0 0.7625 0.297916666015625 0.79375 0.304166666015625 0.8078125 0.28125 0.78125 0.28125 0.746875 0.26875 0.7203125 0.270833333984375 0.671875 0.291666666015625 0.6484375 0.316666666015625 0.646875 0.322916666015625 0.65625 0.33125 0.7015625 0.30625 0.7625 0.297916666015625
0 0.71875 0.204166666015625 0.6671875 0.279166666015625 0.6625 0.304166666015625 0.7484375 0.2125 0.740625 0.202083333984375 0.71875 0.204166666015625
0 0.8046875 0 0.7046875 0.1625 0.6671875 0.241666666015625 0.6640625 0.264583333984375 0.678125 0.258333333984375 0.68125 0.245833333984375 0.8578125 0 0.8046875 0
0 0.6203125 0.227083333984375 0.615625 0.191666666015625 0.5484375 0 0.5046875 0.004166666015625 0.6015625 0.23125 0.615625 0.247916666015625 0.6203125 0.227083333984375
0 0.56875 0 0.590625 0.1 0.621875 0.204166666015625 0.6265625 0.185416666015625 0.6234375 0.13125 0.5953125 0 0.56875 0
0 0.6671875 0.179166666015625 0.6703125 0.091666666015625 0.6640625 0.070833333984375 0.6390625 0.127083333984375 0.615625 0.264583333984375 0.6125 0.30625 0.6265625 0.322916666015625 0.64375 0.316666666015625 0.6671875 0.179166666015625
0 0.675 0.035416666015625 0.68125 0.0125 0.678125 0 0.6421875 0.002083333984375 0.6390625 0.116666666015625 0.659375 0.06875 0.6765625 0.060416666015625 0.675 0.035416666015625
0 0.715625 0.00625 0.715625 0 0.68125 0.002083333984375 0.684375 0.01875 0.6703125 0.214583333984375 0.6890625 0.1625 0.715625 0.00625