0 0.265625 0.61875 0.2671875 0.625 0.3140625 0.5875 0.2875 0.595833333984375 0.265625 0.61875
0 0.309375 0.889583333984375 0.3265625 0.908333333984375 0.3375 0.910416666015625 0.30625 0.81875 0.271875 0.670833333984375 0.265625 0.675 0.2609375 0.689583333984375 0.26875 0.747916666015625 0.2953125 0.854166666015625 0.309375 0.889583333984375
0 0.10625 0.372916666015625 0.1375 0.35 0.1796875 0.335416666015625 0.2421875 0.34375 0.346875 0.404166666015625 0.4375 0.485416666015625 0.4671875 0.502083333984375 0.496875 0.535416666015625 0.4453125 0.464583333984375 0.38125 0.402083333984375 0.315625 0.354166666015625 0.259375 0.327083333984375 0.1921875 0.320833333984375 0.14375 0.333333333984375 0.0984375 0.360416666015625 0.0734375 0.395833333984375 0.0703125 0.420833333984375 0.0765625 0.429166666015625 0.0890625 0.395833333984375 0.10625 0.372916666015625
0 0.06875 0.5125 0.1 0.483333333984375 0.1359375 0.464583333984375 0.2109375 0.447916666015625 0.3390625 0.452083333984375 0.2546875 0.433333333984375 0.1625 0.441666666015625 0.1125 0.464583333984375 0.0765625 0.491666666015625 0.040625 0.535416666015625 0.0140625 0.5875 0.0109375 0.610416666015625 0.01875 0.61875 0.0265625 0.5875 0.06875 0.5125
0 0.3640625 0.483333333984375 0.4046875 0.497916666015625 0.4703125 0.541666666015625 0.5015625 0.58125 0.5109375 0.585416666015625 0.5125 0.570833333984375 0.5078125 0.552083333984375 0.4875 0.525 0.475 0.520833333984375 0.465625 0.504166666015625 0.4421875 0.4875 0.38125 0.460416666015625 0.340625 0.452083333984375 0.2703125 0.472916666015625 0.2296875 0.5 0.2234375 0.50625 0.2296875 0.516666666015625 0.21875 0.525 0.2109375 0.520833333984375 0.20625 0.529166666015625 0.2046875 0.5375 0.24375 0.508333333984375 0.290625 0.4875 0.3640625 0.483333333984375
0 0.3 0.5875 0.35625 0.56875 0.365625 0.579166666015625 0.371875 0.5625 0.415625 0.558333333984375 0.4671875 0.564583333984375 0.5125 0.585416666015625 0.4921875 0.552083333984375 0.4734375 0.539583333984375 0.4296875 0.53125 0.3578125 0.5375 0.29375 0.5625 0.2328125 0.604166666015625 0.175 0.660416666015625 0.1328125 0.722916666015625 0.0953125 0.8125 0.0953125 0.822916666015625 0.1375 0.7375 0.184375 0.677083333984375 0.3 0.5875
0 0.0828125 0.922916666015625 0.1375 0.820833333984375 0.221875 0.7125 0.3375 0.616666666015625 0.4 0.59375 0.4546875 0.591666666015625 0.490625 0.608333333984375 0.525 0.652083333984375 0.5421875 0.6375 0.528125 0.608333333984375 0.440625 0.564583333984375 0.3625 0.566666666015625 0.35625 0.579166666015625 0.303125 0.597916666015625 0.2140625 0.66875 0.121875 0.779166666015625 0.0875 0.84375 0.05625 0.95 0.053125 0.997916666015625 0.0625 0.997916666015625 0.0671875 0.964583333984375 0.0828125 0.922916666015625
0 0.8390625 0.641666666015625 0.80625 0.59375 0.7796875 0.575 0.81875 0.6375 0.875 0.758333333984375 0.8734375 0.729166666015625 0.8390625 0.641666666015625
0 0.646875 0.564583333984375 0.6875 0.554166666015625 0.7515625 0.560416666015625 0.8203125 0.589583333984375 0.890625 0.635416666015625 0.9578125 0.695833333984375 0.9984375 0.752083333984375 0.9984375 0.69375 0.9671875 0.65 0.90625 0.591666666015625 0.803125 0.5375 0.7484375 0.520833333984375 0.6734375 0.525 0.59375 0.564583333984375 0.578125 0.59375 0.575 0.6125 0.584375 0.627083333984375 0.615625 0.5875 0.646875 0.564583333984375
0 0.628125 0.55 0.6625 0.529166666015625 0.7578125 0.504166666015625 0.9 0.504166666015625 0.9609375 0.51875 0.9984375 0.5375 0.9984375 0.48125 0.94375 0.464583333984375 0.859375 0.458333333984375 0.7921875 0.458333333984375 0.7265625 0.470833333984375 0.6625 0.5 0.6265625 0.527083333984375 0.5890625 0.570833333984375 0.5765625 0.595833333984375 0.575 0.60625 0.58125 0.610416666015625 0.6203125 0.570833333984375 0.628125 0.55
0 0.5328125 0.59375 0.490625 0.4375 0.4875 0.43125 0.5 0.516666666015625 0.521875 0.58125 0.5328125 0.59375
0 0.609375 0.389583333984375 0.634375 0.2625 0.6015625 0.35 0.5609375 0.525 0.55625 0.566666666015625 0.58125 0.514583333984375 0.5828125 0.4875 0.609375 0.389583333984375
0 0.58125 0.570833333984375 0.59375 0.53125 0.628125 0.479166666015625 0.7171875 0.389583333984375 0.8640625 0.270833333984375 0.9984375 0.177083333984375 0.9984375 0.139583333984375 0.959375 0.15 0.9546875 0.179166666015625 0.821875 0.266666666015625 0.671875 0.4 0.6296875 0.445833333984375 0.5671875 0.535416666015625 0.565625 0.564583333984375 0.553125 0.570833333984375 0.5515625 0.58125 0.55 0.608333333984375 0.5609375 0.583333333984375 0.5671875 0.585416666015625 0.58125 0.570833333984375
0 0.7203125 0.322916666015625 0.7734375 0.266666666015625 0.840625 0.2125 0.965625 0.160416666015625 0.984375 0.14375 0.89375 0.16875 0.8765625 0.164583333984375 0.7484375 0.264583333984375 0.6703125 0.354166666015625 0.5890625 0.466666666015625 0.5578125 0.547916666015625 0.55625 0.5625 0.603125 0.48125 0.66875 0.402083333984375 0.7203125 0.322916666015625