0 0.3859375 0.641666666015625 0.41875 0.585416666015625 0.453125 0.545833333984375 0.465625 0.539583333984375 0.496875 0.552083333984375 0.496875 0.535416666015625 0.4734375 0.525 0.425 0.525 0.3953125 0.541666666015625 0.3578125 0.583333333984375 0.3203125 0.647916666015625 0.2796875 0.74375 0.24375 0.835416666015625 0.2015625 0.977083333984375 0.2 0.997916666015625 0.2546875 0.995833333984375 0.3265625 0.785416666015625 0.3859375 0.641666666015625
0 0.5078125 0.677083333984375 0.51875 0.625 0.509375 0.616666666015625 0.5109375 0.566666666015625 0.4859375 0.56875 0.475 0.595833333984375 0.4453125 0.739583333984375 0.425 0.997916666015625 0.4921875 0.997916666015625 0.5046875 0.864583333984375 0.5078125 0.677083333984375
0 0.6015625 0.766666666015625 0.6109375 0.720833333984375 0.6109375 0.633333333984375 0.6 0.564583333984375 0.5890625 0.541666666015625 0.56875 0.529166666015625 0.5265625 0.529166666015625 0.5703125 0.66875 0.5828125 0.729166666015625 0.5953125 0.764583333984375 0.6015625 0.766666666015625
0 0.6859375 0.997916666015625 0.6671875 0.84375 0.634375 0.714583333984375 0.621875 0.68125 0.615625 0.679166666015625 0.6109375 0.747916666015625 0.5984375 0.777083333984375 0.6328125 0.997916666015625 0.6859375 0.997916666015625
0 0.7984375 0.870833333984375 0.8375 0.99375 0.871875 0.997916666015625 0.871875 0.977083333984375 0.8421875 0.883333333984375 0.7703125 0.745833333984375 0.6703125 0.635416666015625 0.6125 0.595833333984375 0.6140625 0.614583333984375 0.6796875 0.666666666015625 0.7484375 0.76875 0.7984375 0.870833333984375
0 0.6328125 0.352083333984375 0.6234375 0.3625 0.621875 0.36875 0.628125 0.36875 0.6453125 0.358333333984375 0.6328125 0.352083333984375
0 0.70625 0.325 0.7109375 0.329166666015625 0.7265625 0.302083333984375 0.73125 0.264583333984375 0.721875 0.25 0.690625 0.235416666015625 0.6515625 0.30625 0.64375 0.335416666015625 0.696875 0.26875 0.709375 0.282639583984375 0.70625 0.325
0 0.6390625 0.452083333984375 0.6453125 0.454166666015625 0.6609375 0.38125 0.6546875 0.364583333984375 0.63125 0.358333333984375 0.6265625 0.36875 0.634375 0.38680625 0.6359375 0.4375 0.6390625 0.452083333984375
0 0.7703125 0 0.7578125 0.016666666015625 0.725 0.075 0.5421875 0.445833333984375 0.540625 0.51875 0.5453125 0.522916666015625 0.6125 0.383333333984375 0.6609375 0.3125 0.6921875 0.229166666015625 0.7546875 0.104166666015625 0.7796875 0.03125 0.778125 0 0.7703125 0
0 0.5234375 0.372916666015625 0.5234375 0.197916666015625 0.515625 0.0875 0.5015625 0.05625 0.4796875 0.052083333984375 0.4875 0.227083333984375 0.4984375 0.225 0.5109375 0.254166666015625 0.5234375 0.372916666015625
0 0.4796875 0.479166666015625 0.490625 0.5 0.484375 0.438941666015625 0.484375 0.320833333984375 0.425 0.13125 0.4109375 0.104166666015625 0.396875 0.097916666015625 0.3953125 0.11875 0.40625 0.177083333984375 0.4484375 0.360416666015625 0.4796875 0.479166666015625
0 0.5109375 0.522916666015625 0.5125 0.472916666015625 0.5265625 0.4375 0.5234375 0.295833333984375 0.496875 0.227083333984375 0.4890625 0.247916666015625 0.4875 0.4625 0.496875 0.525 0.503125 0.529166666015625 0.5109375 0.522916666015625
0 0.41875 0.458333333984375 0.4453125 0.48125 0.4703125 0.522916666015625 0.4859375 0.522916666015625 0.4859375 0.514583333984375 0.475 0.483333333984375 0.45625 0.45625 0.43125 0.44375 0.40625 0.452083333984375 0.3828125 0.472916666015625 0.3625 0.527083333984375 0.359375 0.572916666015625 0.3734375 0.552083333984375 0.396875 0.48125 0.41875 0.458333333984375