0 0.321875 0.739583333984375 0.353125 0.625 0.31875 0.61875 0.275 0.683333333984375 0.246875 0.772916666015625 0.234375 0.854166666015625 0.2296875 0.95 0.246875 0.997916666015625 0.303125 0.997916666015625 0.321875 0.739583333984375
0 0.390625 0.589583333984375 0.4203125 0.55625 0.45625 0.54375 0.5015625 0.602083333984375 0.5328125 0.658333333984375 0.5453125 0.641666666015625 0.5453125 0.602083333984375 0.521875 0.558333333984375 0.4671875 0.522916666015625 0.41875 0.5125 0.3953125 0.520833333984375 0.3765625 0.539583333984375 0.3640625 0.583333333984375 0.3640625 0.625 0.3765625 0.627083333984375 0.3859375 0.61875 0.390625 0.589583333984375
0 0.615625 0.439583333984375 0.7046875 0.435416666015625 0.765625 0.470833333984375 0.803125 0.525 0.7921875 0.489583333984375 0.7671875 0.4625 0.75625 0.464583333984375 0.7546875 0.447916666015625 0.7421875 0.435416666015625 0.715625 0.416666666015625 0.6578125 0.402083333984375 0.6203125 0.404166666015625 0.5578125 0.427083333984375 0.5140625 0.45625 0.471875 0.502083333984375 0.4671875 0.51875 0.4828125 0.525 0.54375 0.477083333984375 0.615625 0.439583333984375
0 0.75815972265625 0.41579416015625 0.7359375 0.389583333984375 0.690625 0.360416666015625 0.653125 0.352083333984375 0.58125 0.360416666015625 0.5125 0.43125 0.4875 0.472916666015625 0.5515625 0.416666666015625 0.6015625 0.389583333984375 0.6703125 0.38125 0.7390625 0.402083333984375 0.75815972265625 0.41579416015625
0 0.6203125 0.329166666015625 0.6640625 0.30625 0.846875 0.24375 0.859375 0.25 0.8390625 0.233333333984375 0.7828125 0.2375 0.684375 0.264583333984375 0.609375 0.297916666015625 0.51875 0.370833333984375 0.4703125 0.44375 0.45 0.460416666015625 0.4453125 0.46875 0.4484375 0.48125 0.4296875 0.49375 0.428125 0.510416666015625 0.453125 0.510416666015625 0.54375 0.391666666015625 0.6203125 0.329166666015625
0 0.6015625 0.275 0.6625 0.233333333984375 0.6390625 0.23125 0.61875 0.239583333984375 0.534375 0.3 0.46875 0.377083333984375 0.4359375 0.43125 0.4234375 0.466666666015625 0.41875 0.508333333984375 0.4546875 0.466666666015625 0.5390625 0.339583333984375 0.6015625 0.275
0 0.434375 0.391666666015625 0.4796875 0.197916666015625 0.465625 0.208333333984375 0.446875 0.24375 0.4140625 0.35 0.3890625 0.4625 0.3890625 0.514583333984375 0.4203125 0.508333333984375 0.415625 0.49375 0.434375 0.391666666015625
0 0.4421875 0.366666666015625 0.4375 0.4 0.4796875 0.358333333984375 0.453125 0.35625 0.4421875 0.366666666015625
0 0.384375 0.520833333984375 0.38125 0.479166666015625 0.340625 0.327083333984375 0.3375 0.320833333984375 0.3546875 0.46875 0.375 0.53125 0.384375 0.520833333984375
0 0.3703125 0.527083333984375 0.3421875 0.445833333984375 0.2859375 0.3375 0.209375 0.222916666015625 0.3390625 0.514583333984375 0.3453125 0.541666666015625 0.3671875 0.552083333984375 0.3703125 0.527083333984375
0 0.3 0.508333333984375 0.35 0.585416666015625 0.3578125 0.583333333984375 0.35625 0.55625 0.328125 0.508333333984375 0.2453125 0.410416666015625 0.1140625 0.30625 0.0078125 0.258333333984375 0 0.258333333984375 0.0046875 0.279166666015625 0.2328125 0.435416666015625 0.3 0.508333333984375
0 0.2484375 0.514583333984375 0.3171875 0.58125 0.3375 0.58125 0.303125 0.535416666015625 0.215625 0.4625 0.1234375 0.410416666015625 0.0171875 0.36875 0.0046875 0.36875 0.0140625 0.3875 0.1359375 0.441666666015625 0.2484375 0.514583333984375
0 0.140625 0.9625 0.15 0.964583333984375 0.203125 0.839583333984375 0.24375 0.777083333984375 0.2609375 0.716666666015625 0.1984375 0.785416666015625 0.13125 0.910416666015625 0.096875 0.997916666015625 0.1109375 0.997916666015625 0.115625 0.979166666015625 0.140625 0.9625
0 0.128125 0.972916666015625 0.1203125 0.997916666015625 0.1359375 0.997916666015625 0.1484375 0.972916666015625 0.128125 0.972916666015625
0 0.1953125 0.985416666015625 0.19375 0.997916666015625 0.2375 0.99375 0.2328125 0.86875 0.1953125 0.985416666015625