0 0.3453125 0.635416666015625 0.3734375 0.464583333984375 0.396875 0.395833333984375 0.4265625 0.3625 0.3765625 0.38125 0.346875 0.416666666015625 0.321875 0.466666666015625 0.2890625 0.5875 0.2703125 0.797916666015625 0.271875 0.966666666015625 0.278125 0.997916666015625 0.3 0.997916666015625 0.3453125 0.635416666015625
0 0.5796875 0.789583333984375 0.5984375 0.839583333984375 0.60625 0.841666666015625 0.6234375 0.79375 0.6265625 0.73125 0.621875 0.672916666015625 0.596875 0.55 0.5109375 0.377083333984375 0.4734375 0.33125 0.44375 0.341666666015625 0.4390625 0.352083333984375 0.475 0.414583333984375 0.521875 0.533333333984375 0.5796875 0.789583333984375
0 0.7828125 0.775 0.6890625 0.622916666015625 0.5984375 0.495833333984375 0.55 0.445833333984375 0.60625 0.570833333984375 0.7859375 0.8125 0.7890625 0.791666666015625 0.7828125 0.775
0 0.665625 0.539583333984375 0.71875 0.608333333984375 0.7875 0.714583333984375 0.8109375 0.764583333984375 0.8296875 0.783333333984375 0.825 0.739583333984375 0.803125 0.68125 0.7328125 0.560416666015625 0.6359375 0.44375 0.5875 0.410416666015625 0.5546875 0.402083333984375 0.553125 0.391666666015625 0.540625 0.389583333984375 0.5265625 0.389583333984375 0.53125 0.410416666015625 0.596875 0.464583333984375 0.665625 0.539583333984375
0 0.7078125 0.470833333984375 0.6375 0.441666666015625 0.63125 0.445833333984375 0.6625 0.472916666015625 0.728125 0.49375 0.7078125 0.470833333984375
0 0.55625 0.333333333984375 0.6265625 0.3875 0.7140625 0.472916666015625 0.9421875 0.725 0.95625 0.73125 0.9484375 0.675 0.9234375 0.616666666015625 0.8375 0.49375 0.7125 0.35625 0.621875 0.2875 0.553125 0.2625 0.490625 0.264583333984375 0.4421875 0.30625 0.4421875 0.31875 0.4984375 0.304166666015625 0.5109375 0.308333333984375 0.55625 0.333333333984375
0 0.8046875 0.220833333984375 0.903125 0.220833333984375 0.9984375 0.2375 0.9984375 0.20625 0.90625 0.183333333984375 0.7578125 0.189583333984375 0.6640625 0.2125 0.55 0.254166666015625 0.55 0.260416666015625 0.584375 0.266666666015625 0.696875 0.233333333984375 0.8046875 0.220833333984375
0 0.5515625 0.208333333984375 0.6625 0.185416666015625 0.7484375 0.189583333984375 0.7546875 0.179166666015625 0.7375 0.15625 0.6953125 0.1375 0.640625 0.139583333984375 0.590625 0.152083333984375 0.515625 0.202083333984375 0.4484375 0.260416666015625 0.4375 0.289583333984375 0.4359375 0.302083333984375 0.440625 0.302083333984375 0.484375 0.24375 0.5515625 0.208333333984375
0 0.4484375 0.0125 0.4296875 0.077083333984375 0.4203125 0.166666666015625 0.4203125 0.279166666015625 0.43125 0.302083333984375 0.4515625 0.247916666015625 0.4484375 0.0125
0 0.3734375 0 0.3890625 0.1125 0.4140625 0.19375 0.4265625 0.083333333984375 0.421875 0 0.3734375 0
0 0.3 0 0.3140625 0.072916666015625 0.3265625 0.10625 0.3203125 0.116666666015625 0.3265625 0.114583333984375 0.3359375 0.129166666015625 0.3453125 0.172916666015625 0.35625 0.179166666015625 0.375 0.214583333984375 0.3828125 0.254166666015625 0.403125 0.289583333984375 0.4140625 0.291666666015625 0.4125 0.19375 0.3875 0.114583333984375 0.340625 0 0.3 0
0 0.2046875 0 0.290625 0.122916666015625 0.3453125 0.191666666015625 0.3578125 0.195833333984375 0.303125 0.047916666015625 0.2796875 0.016666666015625 0.25625 0 0.2046875 0
0 0.171875 0.15625 0.2203125 0.16875 0.29375 0.21875 0.4 0.322916666015625 0.4109375 0.316666666015625 0.3984375 0.2875 0.346875 0.229166666015625 0.21875 0.13125 0.159375 0.122916666015625 0.0921875 0.127083333984375 0.0390625 0.141666666015625 0.0015625 0.166666666015625 0 0.185416666015625 0.0421875 0.166666666015625 0.115625 0.154166666015625 0.171875 0.15625