0 0.640625 0.958333333984375 0.64375 0.939583333984375 0.625 0.847916666015625 0.5671875 0.6875 0.5265625 0.627083333984375 0.5125 0.61875 0.4828125 0.627083333984375 0.5640625 0.8 0.6125 0.920833333984375 0.6328125 0.95625 0.640625 0.958333333984375
0 0.796875 0.74375 0.7984375 0.760416666015625 0.8734375 0.84375 0.8390625 0.785416666015625 0.796875 0.74375
0 0.6625 0.664583333984375 0.7203125 0.69375 0.7796875 0.741666666015625 0.76875 0.702083333984375 0.7515625 0.7 0.678125 0.658333333984375 0.61875 0.64375 0.5546875 0.647916666015625 0.55 0.65 0.553125 0.658333333984375 0.6046875 0.652083333984375 0.6625 0.664583333984375
0 0.759375 0.697916666015625 0.7515625 0.7 0.765625 0.7125 0.775 0.710416666015625 0.759375 0.697916666015625
0 0.721875 0.695833333984375 0.578125 0.7 0.578125 0.70625 0.646875 0.708333333984375 0.7328125 0.702083333984375 0.721875 0.695833333984375
0 0.825 0.883333333984375 0.7140625 0.7875 0.6484375 0.739583333984375 0.584375 0.708333333984375 0.5859375 0.720833333984375 0.7421875 0.827083333984375 0.8484375 0.914583333984375 0.825 0.883333333984375
0 0.61875 0.541666666015625 0.68125 0.533333333984375 0.7140625 0.545833333984375 0.740625 0.5875 0.7640625 0.65 0.78125 0.727083333984375 0.7890625 0.804166666015625 0.796875 0.729166666015625 0.7890625 0.635416666015625 0.76875 0.577083333984375 0.7390625 0.53125 0.6671875 0.51875 0.5796875 0.535416666015625 0.5109375 0.589583333984375 0.503125 0.604166666015625 0.5015625 0.6125 0.5109375 0.614583333984375 0.5703125 0.5625 0.61875 0.541666666015625
0 0.734375 0.508333333984375 0.8140625 0.522916666015625 0.89375 0.554166666015625 0.93125 0.575 0.959375 0.602083333984375 0.925 0.552083333984375 0.85625 0.510416666015625 0.76875 0.48125 0.71875 0.475 0.6578125 0.479166666015625 0.6015625 0.502083333984375 0.5328125 0.547916666015625 0.4953125 0.591666666015625 0.49375 0.6 0.5390625 0.564583333984375 0.6359375 0.51875 0.734375 0.508333333984375
0 0.4796875 0.410416666015625 0.459375 0.566666666015625 0.459375 0.614583333984375 0.46875 0.629166666015625 0.490625 0.372916666015625 0.4796875 0.410416666015625
0 0.65625 0.3875 0.7203125 0.34375 0.721875 0.335416666015625 0.684375 0.347916666015625 0.615625 0.404166666015625 0.521875 0.51875 0.4796875 0.59375 0.475 0.608333333984375 0.4828125 0.6125 0.5390625 0.514583333984375 0.65625 0.3875
0 0.3109375 0.552083333984375 0.3515625 0.575 0.4234375 0.65625 0.4140625 0.620833333984375 0.390625 0.5875 0.359375 0.55625 0.33125 0.54375 0.29375 0.55 0.278125 0.5625 0.2328125 0.641666666015625 0.2265625 0.660416666015625 0.2484375 0.6375 0.3015625 0.554166666015625 0.3109375 0.552083333984375
0 0.140625 0.560416666015625 0.2046875 0.533333333984375 0.2796875 0.520833333984375 0.3203125 0.53125 0.4296875 0.666666666015625 0.4140625 0.61875 0.3703125 0.5625 0.3578125 0.527083333984375 0.2703125 0.508333333984375 0.1875 0.525 0.125 0.558333333984375 0.0859375 0.597916666015625 0.0421875 0.66875 0.0328125 0.702083333984375 0.05625 0.65 0.0953125 0.595833333984375 0.140625 0.560416666015625
0 0.396875 0.572916666015625 0.4078125 0.570833333984375 0.4015625 0.56875 0.39375 0.541666666015625 0.3765625 0.5375 0.371875 0.520833333984375 0.3078125 0.477083333984375 0.2234375 0.4375 0.1421875 0.414583333984375 0.125 0.414583333984375 0.2203125 0.45625 0.328125 0.520833333984375 0.396875 0.572916666015625
0 0.453125 0.622916666015625 0.4515625 0.610416666015625 0.4140625 0.508333333984375 0.38125 0.45625 0.346875 0.383333333984375 0.2953125 0.314583333984375 0.409375 0.564583333984375 0.4140625 0.597916666015625 0.4421875 0.647916666015625 0.453125 0.622916666015625
0 0.4203125 0.470833333984375 0.3953125 0.40625 0.3453125 0.320833333984375 0.259375 0.2125 0.2515625 0.2125 0.3265625 0.329166666015625 0.453125 0.610416666015625 0.4203125 0.470833333984375