0 0.5 0.660416666015625 0.521875 0.483333333984375 0.5375 0.410416666015625 0.51875 0.395833333984375 0.5109375 0.397916666015625 0.50625 0.414583333984375 0.475 0.5625 0.4359375 0.872916666015625 0.434375 0.91875 0.4390625 0.93125 0.4515625 0.910416666015625 0.5 0.660416666015625
0 0.4171875 0.3625 0.4828125 0.3625 0.5109375 0.38125 0.5125 0.375 0.46875 0.347916666015625 0.41875 0.347916666015625 0.340625 0.372916666015625 0.2 0.447916666015625 0.0625 0.552083333984375 0.1375 0.51875 0.2640625 0.435416666015625 0.3703125 0.379166666015625 0.4171875 0.3625
0 0.128125 0.520833333984375 0.1078125 0.514583333984375 0.0671875 0.55 0.128125 0.520833333984375
0 0.271875 0.279166666015625 0.384375 0.254166666015625 0.425 0.25625 0.459375 0.275 0.5 0.329166666015625 0.5 0.370833333984375 0.5234375 0.385416666015625 0.5265625 0.3625 0.5015625 0.3125 0.4484375 0.25625 0.4125 0.239583333984375 0.3625 0.235416666015625 0.2609375 0.258333333984375 0.190625 0.289583333984375 0.1390625 0.33125 0.1296875 0.372916666015625 0.1296875 0.425 0.1359375 0.370833333984375 0.1515625 0.34375 0.271875 0.279166666015625
0 0.3859375 0.108333333984375 0.440625 0.172916666015625 0.5078125 0.279166666015625 0.528125 0.345833333984375 0.5375 0.33125 0.5328125 0.304166666015625 0.5203125 0.285416666015625 0.525 0.275 0.50625 0.23125 0.45 0.141666666015625 0.40625 0.095833333984375 0.3515625 0.070833333984375 0.3171875 0.072916666015625 0.2984375 0.095833333984375 0.25 0.16875 0.2265625 0.239583333984375 0.228125 0.264583333984375 0.278125 0.18125 0.35625 0.0875 0.3859375 0.108333333984375
0 0.71875 0.422916666015625 0.834375 0.55 0.965625 0.735416666015625 0.921875 0.647916666015625 0.8515625 0.541666666015625 0.8375 0.539583333984375 0.825 0.508333333984375 0.796875 0.475 0.7421875 0.425 0.678125 0.38125 0.615625 0.360416666015625 0.56875 0.366666666015625 0.5640625 0.38125 0.621875 0.38125 0.6921875 0.404166666015625 0.71875 0.422916666015625
0 0.6015625 0.329166666015625 0.6203125 0.31875 0.640625 0.29375 0.6609375 0.29375 0.6734375 0.283333333984375 0.7109375 0.3125 0.7515625 0.3625 0.8078125 0.4625 0.8328125 0.516666666015625 0.834375 0.533333333984375 0.8546875 0.552083333984375 0.8265625 0.458333333984375 0.7734375 0.35625 0.7546875 0.333333333984375 0.66875 0.26875 0.6265625 0.26875 0.590625 0.285416666015625 0.5625 0.316666666015625 0.5421875 0.354166666015625 0.540625 0.36875 0.553125 0.370833333984375 0.578125 0.333333333984375 0.6015625 0.329166666015625
0 0.9484375 0.289583333984375 0.9984375 0.31875 0.9984375 0.304166666015625 0.9421875 0.264583333984375 0.8609375 0.2375 0.778125 0.235416666015625 0.678125 0.266666666015625 0.696875 0.285416666015625 0.7921875 0.2625 0.8828125 0.266666666015625 0.9484375 0.289583333984375
0 0.76875 0.28125 0.7328125 0.277083333984375 0.703125 0.285416666015625 0.7 0.291666666015625 0.7109375 0.3 0.85625 0.316666666015625 0.76875 0.28125
0 0.7703125 0.322916666015625 0.7484375 0.320833333984375 0.7453125 0.327083333984375 0.7640625 0.339583333984375 0.7890625 0.341666666015625 0.7703125 0.322916666015625
0 0.6125 0.333333333984375 0.617146380859375 0.34572368359375 0.65 0.335416666015625 0.7234375 0.33125 0.7046875 0.3125 0.65 0.3125 0.6125 0.333333333984375
0 0.7109375 0.247916666015625 0.678125 0.233333333984375 0.65 0.233333333984375 0.621875 0.260416666015625 0.6390625 0.2625 0.6734375 0.241666666015625 0.69375 0.254166666015625 0.7109375 0.247916666015625
0 0.7046875 0.166666666015625 0.8296875 0.066666666015625 0.846875 0.04375 0.8203125 0.039583333984375 0.8 0.047916666015625 0.7109375 0.108333333984375 0.6578125 0.160416666015625 0.6265625 0.216666666015625 0.6140625 0.260416666015625 0.621875 0.260416666015625 0.625 0.247916666015625 0.7046875 0.166666666015625
0 0.7046875 0 0.684375 0.029166666015625 0.6140625 0.154166666015625 0.59375 0.202083333984375 0.58125 0.208333333984375 0.5703125 0.252083333984375 0.571875 0.291666666015625 0.609375 0.260416666015625 0.6375 0.1875 0.6984375 0.077083333984375 0.73125 0 0.7046875 0
0 0.6640625 0 0.596875 0.160416666015625 0.5921875 0.183333333984375 0.6015625 0.177083333984375 0.68125 0.03125 0.70625 0 0.6640625 0
0 0.5609375 0.310416666015625 0.565625 0.235416666015625 0.559375 0.154166666015625 0.540625 0.0625 0.525 0.039583333984375 0.5375 0.202083333984375 0.553125 0.26875 0.55625 0.310416666015625 0.5609375 0.310416666015625
0 0.428125 0 0.428125 0.008333333984375 0.48125 0.135416666015625 0.5109375 0.225 0.5328125 0.30625 0.5234375 0.320833333984375 0.528125 0.341666666015625 0.5296875 0.347916666015625 0.5390625 0.345833333984375 0.553125 0.325 0.5546875 0.285416666015625 0.5359375 0.2 0.50625 0.114583333984375 0.4484375 0 0.428125 0