0 0.5046875 0.997916666015625 0.515625 0.745833333984375 0.5265625 0.660416666015625 0.55 0.6375 0.5796875 0.685416666015625 0.5828125 0.7125 0.5890625 0.70625 0.596875 0.714583333984375 0.5921875 0.722916666015625 0.6046875 0.733333333984375 0.6125 0.71875 0.5984375 0.6875 0.59375 0.65625 0.578125 0.633333333984375 0.5390625 0.622916666015625 0.509375 0.629166666015625 0.475 0.658333333984375 0.4625 0.7375 0.4609375 0.841666666015625 0.46875 0.908333333984375 0.4890625 0.995833333984375 0.5046875 0.997916666015625
0 0.578125 0.695833333984375 0.5484375 0.675 0.5265625 0.670833333984375 0.5265625 0.683333333984375 0.5703125 0.7125 0.58125 0.70625 0.578125 0.695833333984375
0 0.415625 0.704166666015625 0.4671875 0.672916666015625 0.471875 0.660416666015625 0.41875 0.66875 0.3453125 0.722916666015625 0.2640625 0.8375 0.221875 0.916666666015625 0.2109375 0.95 0.209375 0.972916666015625 0.325 0.802083333984375 0.3734375 0.741666666015625 0.415625 0.704166666015625
0 0.696875 0.90625 0.659375 0.8125 0.6359375 0.78125 0.615625 0.78125 0.6828125 0.991666666015625 0.7203125 0.997916666015625 0.696875 0.90625
0 0.7328125 0.99375 0.775 0.995833333984375 0.74375 0.891666666015625 0.7015625 0.804166666015625 0.675 0.766666666015625 0.646875 0.74375 0.6125 0.741666666015625 0.640625 0.7625 0.6546875 0.7875 0.715625 0.920833333984375 0.7328125 0.99375
0 0.61875 0.672916666015625 0.6390625 0.65625 0.6421875 0.660416666015625 0.746875 0.891666666015625 0.7859375 0.96875 0.7984375 0.972916666015625 0.8 0.93125 0.7828125 0.835416666015625 0.740625 0.714583333984375 0.70625 0.639583333984375 0.678125 0.6 0.65625 0.6 0.6078125 0.627083333984375 0.5984375 0.645833333984375 0.6015625 0.677083333984375 0.615625 0.689583333984375 0.61875 0.672916666015625
0 0.6515625 0.68125 0.6421875 0.675 0.628125 0.689583333984375 0.625 0.704166666015625 0.6328125 0.708333333984375 0.6515625 0.689583333984375 0.6515625 0.68125
0 0.9484375 0.608333333984375 0.9984375 0.620833333984375 0.9984375 0.60625 0.9359375 0.595833333984375 0.8453125 0.597916666015625 0.7734375 0.610416666015625 0.709375 0.635416666015625 0.7078125 0.641666666015625 0.7171875 0.65 0.84375 0.6125 0.9484375 0.608333333984375
0 0.6609375 0.5375 0.6578125 0.566666666015625 0.68125 0.50625 0.709375 0.45625 0.7380203125 0.415972916015625 0.7890625 0.379166666015625 0.79375 0.3625 0.78125 0.360416666015625 0.7515625 0.377083333984375 0.725 0.38125 0.68125 0.4375 0.6875 0.4625 0.6671875 0.50625 0.6671875 0.533333333984375 0.6609375 0.5375
0 0.6921875 0.26875 0.6953125 0.222916666015625 0.6890625 0.210416666015625 0.68125 0.2125 0.6671875 0.241666666015625 0.6359375 0.391666666015625 0.6296875 0.483333333984375 0.6359375 0.483333333984375 0.6671875 0.441666666015625 0.6921875 0.26875
0 0.6984375 0.547916666015625 0.6890625 0.53125 0.6765625 0.5375 0.671875 0.55 0.678125 0.595833333984375 0.6953125 0.6125 0.6984375 0.547916666015625
0 0.5984375 0.466666666015625 0.575 0.35 0.5625 0.325 0.5546875 0.327083333984375 0.5625 0.520833333984375 0.5734375 0.6 0.590625 0.6375 0.5984375 0.466666666015625
0 0.5546875 0.441666666015625 0.521875 0.3875 0.5015625 0.377083333984375 0.5046875 0.402083333984375 0.5640625 0.570833333984375 0.5671875 0.558333333984375 0.5546875 0.441666666015625
0 0.43125 0.49375 0.4796875 0.520833333984375 0.5421875 0.61875 0.5640625 0.622916666015625 0.553125 0.59375 0.4984375 0.5125 0.475 0.49375 0.4453125 0.483333333984375 0.3796875 0.485416666015625 0.3515625 0.497916666015625 0.3234375 0.529166666015625 0.3125 0.560416666015625 0.3109375 0.577083333984375 0.35 0.5125 0.375 0.49375 0.43125 0.49375
0 0.621875 0.4125 0.60625 0.452083333984375 0.59375 0.547916666015625 0.5984375 0.65 0.6140625 0.53125 0.6265625 0.497916666015625 0.621875 0.4125
0 0.646875 0.597916666015625 0.6921875 0.445833333984375 0.671875 0.447916666015625 0.6453125 0.472916666015625 0.6296875 0.49375 0.6125 0.541666666015625 0.60625 0.583333333984375 0.60625 0.608333333984375 0.6125 0.61875 0.646875 0.597916666015625