0 0.9984375 0.975 0.9984375 0.933333333984375 0.8625 0.8 0.7828125 0.735416666015625 0.703125 0.679166666015625 0.646875 0.65625 0.603125 0.65625 0.5828125 0.670833333984375 0.584375 0.683333333984375 0.6328125 0.683333333984375 0.6984375 0.722916666015625 0.9984375 0.975
0 0.6546875 0.629166666015625 0.7125 0.639583333984375 0.9046875 0.747916666015625 0.9984375 0.827083333984375 0.9984375 0.770833333984375 0.990625 0.7625 0.8796875 0.672916666015625 0.7828125 0.61875 0.709375 0.59375 0.678125 0.591666666015625 0.6265625 0.608333333984375 0.5828125 0.647916666015625 0.58125 0.6625 0.5875 0.6625 0.6359375 0.645833333984375 0.6546875 0.629166666015625
0 0.6546875 0.635416666015625 0.628125 0.639583333984375 0.6234375 0.65 0.659375 0.658333333984375 0.7125 0.685416666015625 0.6546875 0.635416666015625
0 0.6484375 0.5 0.834375 0.297916666015625 0.9 0.239583333984375 0.8546875 0.25625 0.7171875 0.377083333984375 0.621875 0.495833333984375 0.5703125 0.59375 0.5671875 0.6125 0.58125 0.61875 0.5828125 0.597916666015625 0.6484375 0.5
0 0.5859375 0.616666666015625 0.671875 0.541666666015625 0.7703125 0.479166666015625 0.8453125 0.441666666015625 0.884375 0.43125 0.9171875 0.433333333984375 0.9984375 0.46875 0.9984375 0.441666666015625 0.91875 0.383333333984375 0.89375 0.377083333984375 0.853125 0.383333333984375 0.7921875 0.4125 0.7 0.475 0.5703125 0.602083333984375 0.5671875 0.61875 0.5703125 0.635416666015625 0.575 0.635416666015625 0.5859375 0.616666666015625
0 0.44375 0.635416666015625 0.5125 0.679166666015625 0.5203125 0.670833333984375 0.5125 0.654166666015625 0.48125 0.625 0.41875 0.595833333984375 0.328125 0.572916666015625 0.2296875 0.595833333984375 0.1453125 0.658333333984375 0.1390625 0.66875 0.2359375 0.627083333984375 0.35 0.610416666015625 0.44375 0.635416666015625
0 0.171875 0.53125 0.2046875 0.533333333984375 0.325 0.564583333984375 0.334375 0.579166666015625 0.3796875 0.58125 0.4265625 0.6 0.43125 0.608333333984375 0.453125 0.610416666015625 0.503125 0.645833333984375 0.5203125 0.65 0.475 0.59375 0.43125 0.564583333984375 0.296875 0.508333333984375 0.2421875 0.5 0.1828125 0.497916666015625 0.1421875 0.510416666015625 0.125 0.53125 0.0984375 0.6 0.0953125 0.620833333984375 0.1234375 0.558333333984375 0.1390625 0.54375 0.171875 0.53125
0 0.3984375 0.53125 0.48125 0.6 0.5109375 0.639583333984375 0.5296875 0.65 0.515625 0.608333333984375 0.5109375 0.610416666015625 0.4859375 0.56875 0.4015625 0.489583333984375 0.321875 0.429166666015625 0.165625 0.339583333984375 0.071875 0.314583333984375 0.0421875 0.316666666015625 0.0390625 0.320833333984375 0.065625 0.325 0.1734375 0.377083333984375 0.3984375 0.53125
0 0.2390625 0.479166666015625 0.2296875 0.489583333984375 0.375 0.514583333984375 0.3203125 0.479166666015625 0.2390625 0.479166666015625
0 0.475 0.552083333984375 0.4859375 0.545833333984375 0.45625 0.489583333984375 0.396875 0.41875 0.271875 0.327083333984375 0.209375 0.295833333984375 0.1875 0.295833333984375 0.2484375 0.333333333984375 0.35625 0.41875 0.475 0.552083333984375
0 0.509375 0.597916666015625 0.5421875 0.64375 0.54375 0.60625 0.5078125 0.510416666015625 0.4984375 0.508333333984375 0.484375 0.472916666015625 0.475 0.466666666015625 0.4703125 0.445833333984375 0.3609375 0.3125 0.3140625 0.28125 0.3078125 0.285416666015625 0.359375 0.345833333984375 0.4625 0.49375 0.509375 0.597916666015625
0 0.453125 0.35625 0.4140625 0.30625 0.3859375 0.291666666015625 0.3765625 0.295833333984375 0.5109375 0.520833333984375 0.49375 0.454166666015625 0.453125 0.35625
0 0.6234375 0.375 0.5828125 0.452083333984375 0.5671875 0.495833333984375 0.5484375 0.608333333984375 0.546875 0.65 0.5515625 0.65625 0.5953125 0.460416666015625 0.6234375 0.375
0 0.745618509765625 0.275945845703125 0.7234375 0.277083333984375 0.68125 0.297916666015625 0.63125 0.375 0.5984375 0.48125 0.584375 0.547916666015625 0.6234375 0.489583333984375 0.6703125 0.366666666015625 0.709375 0.322916666015625 0.7078125 0.302083333984375 0.745618509765625 0.275945845703125