0 0.3765625 0.547916666015625 0.4046875 0.464583333984375 0.43125 0.410416666015625 0.45625 0.379166666015625 0.478125 0.364583333984375 0.5015625 0.3625 0.521875 0.372916666015625 0.5171875 0.35625 0.4796875 0.352083333984375 0.45625 0.3625 0.41875 0.395833333984375 0.371875 0.45625 0.3328125 0.5625 0.3 0.7375 0.2984375 0.825 0.30625 0.84375 0.3390625 0.727083333984375 0.3765625 0.547916666015625
0 0.5421875 0.466666666015625 0.5578125 0.5125 0.5671875 0.520833333984375 0.578125 0.510416666015625 0.58125 0.495833333984375 0.584375 0.3625 0.5765625 0.283333333984375 0.571875 0.264583333984375 0.5625 0.260416666015625 0.5359375 0.279166666015625 0.51875 0.277083333984375 0.51875 0.297916666015625 0.5421875 0.466666666015625
0 0.678125 0.695833333984375 0.6796875 0.641666666015625 0.6625 0.516666666015625 0.6203125 0.372916666015625 0.5953125 0.327083333984375 0.584375 0.322916666015625 0.5859375 0.472916666015625 0.6578125 0.725 0.66875 0.7375 0.678125 0.695833333984375
0 0.928125 0.560416666015625 0.9328125 0.566666666015625 0.9203125 0.608333333984375 0.903125 0.61875 0.903125 0.63125 0.9375 0.59375 0.9484375 0.56875 0.9328125 0.535416666015625 0.8859375 0.49375 0.721875 0.375 0.671875 0.35 0.615625 0.35 0.6203125 0.3625 0.6625 0.364583333984375 0.7171875 0.395833333984375 0.928125 0.560416666015625
0 0.6796875 0.347916666015625 0.6921875 0.310416666015625 0.690625 0.279166666015625 0.678125 0.254166666015625 0.64375 0.245833333984375 0.640625 0.25 0.6515625 0.252083333984375 0.6671875 0.283333333984375 0.6796875 0.347916666015625
0 0.834375 0.889583333984375 0.8484375 0.902083333984375 0.8484375 0.872916666015625 0.815625 0.716666666015625 0.7890625 0.639583333984375 0.6921875 0.458333333984375 0.6421875 0.410416666015625 0.6359375 0.416666666015625 0.6546875 0.472916666015625 0.734375 0.620833333984375 0.834375 0.889583333984375
0 0.83125 0.79375 0.846875 0.825 0.8515625 0.797916666015625 0.8421875 0.75625 0.7890625 0.59375 0.74375 0.514583333984375 0.6875 0.452083333984375 0.73125 0.520833333984375 0.7796875 0.61875 0.821875 0.74375 0.83125 0.79375
0 0.521875 0.272916666015625 0.5390625 0.277083333984375 0.5546875 0.264583333984375 0.553125 0.2375 0.5375 0.2125 0.525 0.2125 0.503125 0.23125 0.484375 0.225 0.46875 0.252083333984375 0.46875 0.272916666015625 0.4765625 0.289583333984375 0.4984375 0.245833333984375 0.521875 0.272916666015625
0 0.540625 0.210416666015625 0.5046875 0.14375 0.4796875 0.135416666015625 0.4765625 0.139583333984375 0.49375 0.164583333984375 0.515625 0.21875 0.540625 0.210416666015625
0 0.540625 0 0.5171875 0.002083333984375 0.521875 0.164583333984375 0.5625 0.254166666015625 0.5421875 0.008333333984375 0.540625 0
0 0.5828125 0.202083333984375 0.578125 0.195833333984375 0.5796875 0.141666666015625 0.596875 0.035416666015625 0.59375 0.022916666015625 0.578125 0.035416666015625 0.55625 0.116666666015625 0.559375 0.21875 0.5640625 0.247916666015625 0.571875 0.252083333984375 0.5828125 0.202083333984375
0 0.615625 0.09375 0.6375 0.04375 0.6453125 0.014583333984375 0.6421875 0.00625 0.621875 0.010416666015625 0.5890625 0.083333333984375 0.5703125 0.208333333984375 0.5734375 0.220833333984375 0.58125 0.2125 0.615625 0.09375
0 0.775 0.202083333984375 0.78125 0.20625 0.7859375 0.185416666015625 0.7828125 0.160416666015625 0.74375 0.129166666015625 0.7359375 0.129166666015625 0.7359375 0.135416666015625 0.7609375 0.15 0.775 0.202083333984375
0 0.6703125 0.15625 0.7046875 0.11875 0.6671875 0.135416666015625 0.6359375 0.166666666015625 0.5875 0.266666666015625 0.584375 0.283333333984375 0.5921875 0.260416666015625 0.6625 0.18125 0.6703125 0.15625
0 0.7453125 0.120833333984375 0.8328125 0.04375 0.8921875 0.014583333984375 0.8671875 0.008333333984375 0.83125 0.014583333984375 0.753125 0.06875 0.6921875 0.13125 0.5875 0.275 0.584375 0.3125 0.59375 0.31875 0.6625 0.2125 0.7453125 0.120833333984375