0 0.490625 0.55625 0.4859375 0.552083333984375 0.4890625 0.535416666015625 0.45625 0.510416666015625 0.428125 0.502083333984375 0.3765625 0.510416666015625 0.3765625 0.51875 0.4421875 0.520833333984375 0.4875 0.560416666015625 0.490625 0.55625
0 0.3640625 0.675 0.3703125 0.525 0.3796875 0.466666666015625 0.4203125 0.45625 0.4625 0.477083333984375 0.484375 0.504166666015625 0.490625 0.527083333984375 0.4984375 0.508333333984375 0.490625 0.479166666015625 0.478125 0.460416666015625 0.4421875 0.441666666015625 0.41875 0.441666666015625 0.340625 0.46875 0.3296875 0.485416666015625 0.33125 0.60625 0.340625 0.6625 0.3546875 0.69375 0.3640625 0.675
0 0.6125 0.997916666015625 0.5828125 0.847916666015625 0.54375 0.702083333984375 0.525 0.56875 0.50625 0.570833333984375 0.5109375 0.641666666015625 0.5546875 0.866666666015625 0.590625 0.997916666015625 0.6125 0.997916666015625
0 0.490625 0.729166666015625 0.5078125 0.61875 0.5015625 0.610416666015625 0.4828125 0.6375 0.46875 0.70625 0.459375 0.858333333984375 0.4578125 0.9875 0.459375 0.997916666015625 0.478125 0.997916666015625 0.490625 0.729166666015625
0 0.4453125 0.7125 0.471875 0.633333333984375 0.490625 0.60625 0.496875 0.608333333984375 0.496875 0.597916666015625 0.4765625 0.604166666015625 0.4625 0.625 0.4265625 0.714583333984375 0.403125 0.797916666015625 0.371875 0.972916666015625 0.3703125 0.997916666015625 0.384375 0.997916666015625 0.4078125 0.866666666015625 0.4453125 0.7125
0 0.7078125 0.539583333984375 0.7703125 0.572916666015625 0.8140625 0.616666666015625 0.840625 0.660416666015625 0.8765625 0.764583333984375 0.86875 0.689583333984375 0.8421875 0.604166666015625 0.8203125 0.570833333984375 0.78125 0.541666666015625 0.7359375 0.522916666015625 0.6625 0.510416666015625 0.5984375 0.5125 0.5421875 0.533333333984375 0.5453125 0.54375 0.5921875 0.525 0.646875 0.527083333984375 0.7078125 0.539583333984375
0 0.603125 0.472916666015625 0.7515625 0.395833333984375 0.8296875 0.377083333984375 0.9984375 0.36875 0.9984375 0.360416666015625 0.8765625 0.360416666015625 0.7203125 0.395833333984375 0.6046875 0.454166666015625 0.534375 0.516666666015625 0.5296875 0.535416666015625 0.5390625 0.5375 0.55625 0.5125 0.603125 0.472916666015625
0 0.65 0.152083333984375 0.6484375 0.141666666015625 0.634375 0.139583333984375 0.5875 0.195833333984375 0.5421875 0.291666666015625 0.540625 0.341666666015625 0.553125 0.345833333984375 0.5578125 0.310416666015625 0.65 0.152083333984375
0 0.51875 0.354166666015625 0.5203125 0.31875 0.5234375 0.302083333984375 0.5359375 0.2875 0.5375 0.189583333984375 0.53125 0.170833333984375 0.51875 0.172916666015625 0.509375 0.210416666015625 0.503125 0.2875 0.5203125 0.375 0.525 0.36875 0.51875 0.354166666015625
0 0.5125 0.397916666015625 0.5125 0.354166666015625 0.484375 0.202083333984375 0.4765625 0.1875 0.4671875 0.202083333984375 0.46875 0.285416666015625 0.4890625 0.458333333984375 0.4984375 0.472916666015625 0.5125 0.397916666015625
0 0.4796875 0.45625 0.48125 0.445833333984375 0.425 0.358333333984375 0.3875 0.335416666015625 0.3375 0.329166666015625 0.3359375 0.335416666015625 0.409375 0.3875 0.446875 0.439583333984375 0.4796875 0.45625
0 0.48125 0.4125 0.46875 0.389583333984375 0.4484375 0.372916666015625 0.4421875 0.377083333984375 0.4765625 0.445833333984375 0.484375 0.45 0.48125 0.4125
0 0.534375 0.460416666015625 0.5328125 0.4375 0.546875 0.40625 0.5796875 0.36875 0.6390625 0.329166666015625 0.659375 0.289583333984375 0.6234375 0.29375 0.5609375 0.34375 0.525 0.385416666015625 0.5125 0.4125 0.5046875 0.489583333984375 0.515625 0.510416666015625 0.5203125 0.485416666015625 0.534375 0.460416666015625
0 0.609375 0.279166666015625 0.6109375 0.258333333984375 0.5875 0.266666666015625 0.559375 0.308333333984375 0.54375 0.345833333984375 0.5421875 0.358333333984375 0.546875 0.358333333984375 0.5875 0.322916666015625 0.609375 0.279166666015625
0 0.521875 0.314583333984375 0.51875 0.3875 0.5359375 0.347916666015625 0.53125 0.297916666015625 0.521875 0.314583333984375