0 0.2765625 0.877083333984375 0.2890625 0.68125 0.3078125 0.554166666015625 0.3359375 0.43125 0.3375 0.360416666015625 0.325 0.377083333984375 0.296875 0.452083333984375 0.275 0.535416666015625 0.25 0.645833333984375 0.2390625 0.76875 0.240625 0.89375 0.246875 0.93125 0.2640625 0.95625 0.2765625 0.877083333984375
0 0.359375 0.679166666015625 0.3703125 0.63125 0.3828125 0.429166666015625 0.4015625 0.270833333984375 0.365625 0.270833333984375 0.3515625 0.297916666015625 0.340625 0.35 0.334375 0.470833333984375 0.3375 0.604166666015625 0.346875 0.660416666015625 0.359375 0.679166666015625
0 0.4484375 0.902083333984375 0.4625 0.910416666015625 0.4671875 0.847916666015625 0.4578125 0.716666666015625 0.4125 0.35625 0.4015625 0.339583333984375 0.4 0.320833333984375 0.384375 0.4625 0.38125 0.547916666015625 0.4140625 0.76875 0.43125 0.858333333984375 0.4484375 0.902083333984375
0 0.49375 0.872916666015625 0.5296875 0.954166666015625 0.5375 0.91875 0.5375 0.875 0.525 0.795833333984375 0.446875 0.464583333984375 0.4125 0.345833333984375 0.4109375 0.38125 0.4296875 0.4875 0.4640625 0.770833333984375 0.49375 0.872916666015625
0 0.61875 0.764583333984375 0.6359375 0.7875 0.6390625 0.76875 0.6328125 0.729166666015625 0.6 0.6125 0.50625 0.4625 0.421875 0.35 0.4203125 0.360416666015625 0.46875 0.441666666015625 0.5609375 0.629166666015625 0.61875 0.764583333984375
0 0.6109375 0.620833333984375 0.6984375 0.733333333984375 0.7109375 0.779166666015625 0.69375 0.795833333984375 0.6921875 0.80625 0.7125 0.79375 0.7296875 0.76875 0.7296875 0.754166666015625 0.7171875 0.71875 0.678125 0.647916666015625 0.5375 0.435416666015625 0.48125 0.370833333984375 0.4140625 0.3125 0.4234375 0.360416666015625 0.440625 0.370833333984375 0.4734375 0.4125 0.6109375 0.620833333984375
0 0.3921875 0.2625 0.4 0.260416666015625 0.4 0.25 0.3921875 0.25 0.3875 0.239583333984375 0.36875 0.241666666015625 0.3375 0.227083333984375 0.325 0.233333333984375 0.3015625 0.275 0.3 0.3 0.3046875 0.3 0.353125 0.252083333984375 0.3921875 0.2625
0 0.3234375 0 0.34375 0.145833333984375 0.3625 0.23125 0.3984375 0.241666666015625 0.3984375 0.19375 0.378125 0.116666666015625 0.3609375 0 0.3234375 0
0 0.3640625 0 0.371875 0.077083333984375 0.396875 0.2 0.4015625 0.147916666015625 0.396875 0.122916666015625 0.4109375 0 0.3640625 0
0 0.5140625 0 0.471875 0.060416666015625 0.40625 0.18125 0.403125 0.225 0.4078125 0.245833333984375 0.4625 0.14375 0.5703125 0 0.5140625 0
0 0.4453125 0 0.40625 0.160416666015625 0.4046875 0.170833333984375 0.4109375 0.170833333984375 0.4203125 0.15625 0.4625 0.077083333984375 0.49375 0 0.4453125 0