0 0.303125 0.908333333984375 0.340625 0.866666666015625 0.3859375 0.66875 0.4453125 0.489583333984375 0.46875 0.445833333984375 0.4953125 0.420833333984375 0.4734375 0.425 0.4421875 0.46875 0.4078125 0.541666666015625 0.38125 0.61875 0.3359375 0.8125 0.321875 0.860416666015625 0.3 0.9 0.303125 0.908333333984375
0 0.4921875 0.472916666015625 0.5 0.45 0.4953125 0.4375 0.4875 0.439583333984375 0.4734375 0.466666666015625 0.4546875 0.547916666015625 0.428125 0.8 0.4265625 0.85 0.4390625 0.872916666015625 0.453125 0.816666666015625 0.4921875 0.472916666015625
0 0.58125 0.914583333984375 0.5921875 0.91875 0.6109375 0.897916666015625 0.6078125 0.841666666015625 0.578125 0.660416666015625 0.5421875 0.50625 0.528125 0.39375 0.5125 0.3875 0.5140625 0.466666666015625 0.5265625 0.554166666015625 0.596875 0.891666666015625 0.58125 0.914583333984375
0 0.596875 0.316666666015625 0.6484375 0.29375 0.7390625 0.283333333984375 0.7921875 0.295833333984375 0.81875 0.3125 0.840625 0.341666666015625 0.8953125 0.497916666015625 0.8875 0.416666666015625 0.8625 0.335416666015625 0.84375 0.304166666015625 0.8015625 0.279166666015625 0.7296875 0.270833333984375 0.625 0.2875 0.56875 0.316666666015625 0.5265625 0.3625 0.5234375 0.377083333984375 0.5328125 0.385416666015625 0.55 0.358333333984375 0.596875 0.316666666015625
0 0.571875 0.30625 0.5890625 0.302083333984375 0.671875 0.229166666015625 0.7328125 0.191666666015625 0.88125 0.11875 0.996875 0.091666666015625 0.9984375 0.075 0.8921875 0.09375 0.740625 0.160416666015625 0.6234375 0.239583333984375 0.5640625 0.3 0.5515625 0.316666666015625 0.5546875 0.33125 0.5671875 0.329166666015625 0.571875 0.30625
0 0.64375 0.252083333984375 0.634375 0.25625 0.6328125 0.28125 0.6390625 0.283333333984375 0.64375 0.279166666015625 0.64375 0.252083333984375
0 0.6375 0.227083333984375 0.60625 0.19375 0.5921875 0.195833333984375 0.575 0.210416666015625 0.5484375 0.275 0.546875 0.3 0.5671875 0.266666666015625 0.6046875 0.25625 0.6375 0.227083333984375
0 0.3703125 0.133333333984375 0.375 0.120833333984375 0.390625 0.125 0.4578125 0.214583333984375 0.4890625 0.2875 0.5046875 0.291666666015625 0.4953125 0.235416666015625 0.4734375 0.172916666015625 0.4296875 0.091666666015625 0.4078125 0.064583333984375 0.3828125 0.05625 0.340625 0.072916666015625 0.3328125 0.108333333984375 0.334375 0.191666666015625 0.3484375 0.245833333984375 0.3609375 0.235416666015625 0.3703125 0.133333333984375
0 0.4640625 0.275 0.4734375 0.316666666015625 0.4921875 0.360416666015625 0.5046875 0.372916666015625 0.5078125 0.352083333984375 0.4890625 0.2875 0.45625 0.23125 0.3984375 0.20625 0.3625 0.220833333984375 0.3484375 0.247916666015625 0.4078125 0.222916666015625 0.4375 0.233333333984375 0.4640625 0.275
0 0.45625 0.302083333984375 0.49375 0.364583333984375 0.4828125 0.320833333984375 0.4578125 0.270833333984375 0.3984375 0.275 0.3890625 0.283333333984375 0.43125 0.285416666015625 0.434375 0.29375 0.45625 0.302083333984375
0 0.521875 0.133333333984375 0.50625 0.045833333984375 0.496875 0.039583333984375 0.4890625 0.060416666015625 0.4921875 0.18125 0.5078125 0.275 0.5234375 0.175 0.521875 0.133333333984375
0 0.528125 0.160416666015625 0.55 0.072916666015625 0.525 0.120833333984375 0.528125 0.160416666015625
0 0.671875 0.0875 0.640625 0.08125 0.5984375 0.102083333984375 0.5578125 0.204166666015625 0.559375 0.229166666015625 0.6125 0.133333333984375 0.6296875 0.1125 0.671875 0.0875
0 0.540625 0.3125 0.54375 0.258333333984375 0.55625 0.229166666015625 0.553125 0.216666666015625 0.6359375 0 0.5875 0.004166666015625 0.5421875 0.114583333984375 0.5171875 0.222916666015625 0.5125 0.291666666015625 0.5203125 0.364583333984375 0.525 0.36875 0.540625 0.3125
0 0.4359375 0.379166666015625 0.4734375 0.389583333984375 0.5046875 0.425 0.496875 0.391666666015625 0.4625 0.36875 0.44375 0.36875 0.3796875 0.4 0.34375 0.425 0.34375 0.43125 0.3625 0.429166666015625 0.4359375 0.379166666015625
0 0.434375 0.289583333984375 0.43125 0.297916666015625 0.4296875 0.3125 0.4359375 0.316666666015625 0.446875 0.295833333984375 0.434375 0.289583333984375