0 0.6078125 0.3375 0.6578125 0.377083333984375 0.70625 0.4375 0.7484375 0.50625 0.78125 0.583333333984375 0.8171875 0.7 0.8296875 0.78125 0.825 0.841666666015625 0.8296875 0.841666666015625 0.8453125 0.79375 0.8453125 0.702083333984375 0.828125 0.616666666015625 0.79375 0.525 0.7421875 0.441666666015625 0.6984375 0.389583333984375 0.6015625 0.31875 0.5546875 0.3 0.55 0.3 0.55 0.310416666015625 0.55625 0.316666666015625 0.6078125 0.3375
0 0.5234375 0.341666666015625 0.5296875 0.370833333984375 0.5390625 0.375 0.546875 0.34375 0.546875 0.291666666015625 0.5296875 0.227083333984375 0.51875 0.21875 0.4671875 0.214583333984375 0.4515625 0.225 0.44375 0.241666666015625 0.440625 0.272916666015625 0.4453125 0.297916666015625 0.4921875 0.275 0.5234375 0.341666666015625
0 0.5203125 0.38125 0.5484375 0.466666666015625 0.5828125 0.629166666015625 0.6171875 0.89375 0.621875 0.91875 0.6296875 0.927083333984375 0.6375 0.91875 0.65 0.875 0.653125 0.783333333984375 0.634375 0.59375 0.6109375 0.485416666015625 0.578125 0.39375 0.55 0.341666666015625 0.5421875 0.370833333984375 0.528125 0.36875 0.525 0.347916666015625 0.496875 0.289583333984375 0.446875 0.295833333984375 0.4453125 0.316666666015625 0.4625 0.3125 0.496875 0.33125 0.5203125 0.38125
0 0.38125 0.927083333984375 0.3921875 0.927083333984375 0.40625 0.835416666015625 0.403125 0.802083333984375 0.4140625 0.654166666015625 0.428125 0.252083333984375 0.3921875 0.260416666015625 0.36875 0.3125 0.3453125 0.620833333984375 0.3453125 0.733333333984375 0.35625 0.85625 0.3703125 0.9125 0.38125 0.927083333984375
0 0.4234375 0.8375 0.43125 0.729166666015625 0.4453125 0.44375 0.4453125 0.39375 0.4328125 0.358333333984375 0.4375 0.333333333984375 0.425 0.3375 0.4171875 0.49375 0.4 0.8875 0.4 0.9 0.40625 0.904166666015625 0.4234375 0.8375
0 0.34375 0.275 0.3734375 0.283333333984375 0.38125 0.275 0.3796875 0.264583333984375 0.3359375 0.264583333984375 0.31875 0.279166666015625 0.2921875 0.329166666015625 0.2765625 0.416666666015625 0.275 0.4625 0.2796875 0.464583333984375 0.3265625 0.302083333984375 0.34375 0.275
0 0.1390625 0.447916666015625 0.1875 0.3375 0.2359375 0.247916666015625 0.2765625 0.191666666015625 0.296875 0.16875 0.325 0.164583333984375 0.35625 0.19375 0.3859375 0.24375 0.4140625 0.258333333984375 0.4203125 0.25 0.41875 0.239583333984375 0.4015625 0.197916666015625 0.3734375 0.15625 0.3375 0.133333333984375 0.2734375 0.139583333984375 0.2390625 0.15625 0.184375 0.220833333984375 0.125 0.320833333984375 0.090625 0.4125 0.078125 0.479166666015625 0.078125 0.547916666015625 0.0953125 0.585416666015625 0.10625 0.566666666015625 0.1390625 0.447916666015625
0 0.390625 0.177083333984375 0.4 0.179166666015625 0.3984375 0.085416666015625 0.359375 0 0.3234375 0.002083333984375 0.3640625 0.1375 0.3828125 0.15625 0.390625 0.177083333984375
0 0.4625 0.214583333984375 0.4625 0.166666666015625 0.45625 0.147916666015625 0.44375 0.16875 0.434375 0.2125 0.4328125 0.24375 0.440625 0.247916666015625 0.446875 0.229166666015625 0.4625 0.214583333984375
0 0.4421875 0.170833333984375 0.434375 0.004166666015625 0.3984375 0 0.4046875 0.189583333984375 0.4171875 0.229166666015625 0.428125 0.2375 0.4421875 0.170833333984375
0 0.6015625 0 0.55625 0.002083333984375 0.4703125 0.195833333984375 0.46875 0.20625 0.475 0.2125 0.5 0.2125 0.6015625 0
0 0.5890625 0.089583333984375 0.6171875 0.079166666015625 0.628125 0.177083333984375 0.64375 0.127083333984375 0.64375 0.083333333984375 0.6328125 0.0625 0.5953125 0.047916666015625 0.5765625 0.058333333984375 0.540625 0.11875 0.540625 0.13125 0.528125 0.14375 0.53125 0.154166666015625 0.5890625 0.089583333984375
0 0.5578125 0.2875 0.5609375 0.297916666015625 0.5703125 0.3 0.5796875 0.260416666015625 0.578125 0.195833333984375 0.55625 0.170833333984375 0.53125 0.166666666015625 0.528125 0.177083333984375 0.5375 0.175 0.5515625 0.197916666015625 0.5578125 0.2875