0 0.5359375 0.595833333984375 0.578125 0.552083333984375 0.575 0.541666666015625 0.559375 0.541666666015625 0.5359375 0.558333333984375 0.4890625 0.61875 0.4171875 0.747916666015625 0.296875 0.99375 0.3140625 0.997916666015625 0.33125 0.977083333984375 0.475 0.702083333984375 0.5359375 0.595833333984375
0 0.7609375 0.633333333984375 0.915625 0.872916666015625 0.95625 0.883333333984375 0.95 0.86875 0.9171875 0.841666666015625 0.8390625 0.702083333984375 0.76875 0.597916666015625 0.696875 0.529166666015625 0.659375 0.510416666015625 0.6390625 0.5125 0.6296875 0.51875 0.6328125 0.529166666015625 0.6984375 0.5625 0.7609375 0.633333333984375
0 0.8921875 0.7125 0.9125 0.729166666015625 0.9109375 0.716666666015625 0.809375 0.575 0.7234375 0.510416666015625 0.68125 0.502083333984375 0.671875 0.514583333984375 0.721875 0.529166666015625 0.7796875 0.570833333984375 0.8921875 0.7125
0 0.9109375 0.720833333984375 0.85625 0.641666666015625 0.8484375 0.647916666015625 0.85625 0.6625 0.8984375 0.71875 0.9109375 0.720833333984375
0 0.7625 0.541666666015625 0.7640625 0.552083333984375 0.7765625 0.558333333984375 0.7921875 0.58125 0.803125 0.58125 0.8078125 0.59375 0.846875 0.614583333984375 0.84375 0.59375 0.821875 0.5625 0.734375 0.49375 0.653125 0.45 0.634375 0.458333333984375 0.6265625 0.475 0.6296875 0.489583333984375 0.65 0.466666666015625 0.6671875 0.466666666015625 0.7625 0.541666666015625
0 0.459375 0.547916666015625 0.51875 0.520833333984375 0.553125 0.516666666015625 0.553125 0.508333333984375 0.515625 0.5 0.475 0.510416666015625 0.3828125 0.560416666015625 0.33125 0.597916666015625 0.2421875 0.708333333984375 0.2375 0.716666666015625 0.246875 0.71875 0.3703125 0.610416666015625 0.459375 0.547916666015625
0 0.084375 0.89375 0.09375 0.8875 0.20625 0.752083333984375 0.2109375 0.7375 0.2203125 0.7375 0.2203125 0.729166666015625 0.234375 0.722916666015625 0.2609375 0.691666666015625 0.2625 0.68125 0.2890625 0.6625 0.3578125 0.56875 0.4421875 0.514583333984375 0.446875 0.489583333984375 0.5046875 0.460416666015625 0.465625 0.460416666015625 0.434375 0.475 0.275 0.608333333984375 0.1921875 0.69375 0.059375 0.877083333984375 0.059375 0.889583333984375 0.078125 0.877083333984375 0.0875 0.883333333984375 0.084375 0.89375
0 0.54375 0.385416666015625 0.553125 0.385416666015625 0.525 0.329166666015625 0.4671875 0.258333333984375 0.3984375 0.191666666015625 0.359375 0.177083333984375 0.353125 0.18125 0.415625 0.229166666015625 0.5421875 0.375 0.54375 0.385416666015625
0 0.2328125 0.197916666015625 0.2953125 0.214583333984375 0.384375 0.260416666015625 0.475 0.333333333984375 0.4984375 0.341666666015625 0.403125 0.245833333984375 0.309375 0.195833333984375 0.25 0.18125 0.14375 0.170833333984375 0.059375 0.1875 0.05625 0.19375 0.078125 0.185416666015625 0.134375 0.185416666015625 0.2328125 0.197916666015625
0 0.4703125 0.341666666015625 0.4984375 0.341666666015625 0.4703125 0.3125 0.353125 0.26875 0.3046875 0.258333333984375 0.1734375 0.254166666015625 0.1125 0.275 0.109375 0.279166666015625 0.221875 0.275 0.2890625 0.283333333984375 0.4703125 0.341666666015625
0 0.24375 0.325 0.2578125 0.322916666015625 0.265625 0.335416666015625 0.3328125 0.320833333984375 0.38125 0.325 0.390625 0.335416666015625 0.415625 0.335416666015625 0.4359375 0.347916666015625 0.4921875 0.345833333984375 0.453125 0.325 0.35 0.3 0.2625 0.308333333984375 0.221875 0.325 0.1703125 0.360416666015625 0.1390625 0.39375 0.1046875 0.447916666015625 0.1015625 0.477083333984375 0.125 0.427083333984375 0.1609375 0.38125 0.24375 0.325
0 0.203125 0.383333333984375 0.28125 0.33125 0.315625 0.322916666015625 0.35625 0.325 0.4015625 0.341666666015625 0.484375 0.395833333984375 0.525 0.433333333984375 0.5296875 0.435416666015625 0.5296875 0.427083333984375 0.5125 0.402083333984375 0.4765625 0.372916666015625 0.4 0.327083333984375 0.3203125 0.316666666015625 0.265625 0.33125 0.2109375 0.360416666015625 0.175 0.402083333984375 0.15 0.445833333984375 0.146875 0.46875 0.1515625 0.477083333984375 0.165625 0.433333333984375 0.203125 0.383333333984375
0 0.6625 0.4 0.7015625 0.345833333984375 0.759375 0.291666666015625 0.965625 0.154166666015625 0.9984375 0.139583333984375 0.9984375 0.083333333984375 0.88125 0.15 0.75 0.254166666015625 0.653125 0.370833333984375 0.625 0.422916666015625 0.61875 0.447916666015625 0.634375 0.441666666015625 0.6390625 0.41875 0.6625 0.4
0 0.796875 0 0.734375 0.10625 0.653125 0.28125 0.6265625 0.358333333984375 0.625 0.372916666015625 0.6359375 0.372916666015625 0.6421875 0.383333333984375 0.6609375 0.354166666015625 0.7015625 0.252083333984375 0.7640625 0.127083333984375 0.7671875 0.104166666015625 0.825 0 0.796875 0
0 0.7734375 0.1125 0.7640625 0.125 0.775 0.189583333984375 0.7859375 0.202083333984375 0.790625 0.120833333984375 0.7734375 0.1125
0 0.7125 0 0.65625 0.152083333984375 0.615625 0.30625 0.6140625 0.33125 0.63125 0.33125 0.7265625 0 0.7125 0
0 0.6515625 0 0.6296875 0.104166666015625 0.6265625 0.18125 0.6203125 0.202083333984375 0.61875 0.2625 0.6515625 0.166666666015625 0.6796875 0 0.6515625 0
0 0.603125 0.40625 0.621875 0.133333333984375 0.603125 0.208333333984375 0.59375 0.277083333984375 0.5984375 0.34375 0.590625 0.385416666015625 0.5921875 0.435416666015625 0.603125 0.40625