0 0.1609375 0.814583333984375 0.2546875 0.658333333984375 0.3453125 0.55 0.3546875 0.502083333984375 0.275 0.552083333984375 0.215625 0.620833333984375 0.1828125 0.672916666015625 0.1171875 0.825 0.0984375 0.88125 0.078125 0.979166666015625 0.0765625 0.997916666015625 0.0875 0.997916666015625 0.1109375 0.952083333984375 0.1609375 0.814583333984375
0 0.3390625 0.93125 0.365625 0.827083333984375 0.4234375 0.529166666015625 0.4515625 0.439583333984375 0.4796875 0.452083333984375 0.49375 0.497916666015625 0.515625 0.504166666015625 0.5078125 0.460416666015625 0.48125 0.40625 0.4265625 0.391666666015625 0.40625 0.397916666015625 0.3953125 0.410416666015625 0.3625 0.489583333984375 0.3234375 0.691666666015625 0.3 0.852083333984375 0.3015625 0.95 0.309375 0.977083333984375 0.3171875 0.98125 0.3390625 0.93125
0 0.578125 0.589583333984375 0.6078125 0.635416666015625 0.6765625 0.79375 0.7453125 0.997916666015625 0.771875 0.997916666015625 0.746875 0.9 0.7140625 0.804166666015625 0.640625 0.64375 0.58125 0.572916666015625 0.534375 0.558333333984375 0.5296875 0.560416666015625 0.5328125 0.566666666015625 0.55 0.56875 0.578125 0.589583333984375
0 0.7078125 0.597916666015625 0.8046875 0.795833333984375 0.803125 0.80625 0.8265625 0.84375 0.8828125 0.989583333984375 0.890625 0.997916666015625 0.9078125 0.997916666015625 0.8828125 0.885416666015625 0.8546875 0.8 0.8125 0.7 0.765625 0.614583333984375 0.7265625 0.564583333984375 0.6640625 0.522916666015625 0.5875 0.497916666015625 0.55625 0.504166666015625 0.5546875 0.520833333984375 0.6 0.51875 0.6515625 0.541666666015625 0.7078125 0.597916666015625
0 0.65 0.447916666015625 0.7546875 0.439583333984375 0.8671875 0.458333333984375 0.9359375 0.485416666015625 0.9984375 0.522916666015625 0.996875 0.49375 0.909375 0.447916666015625 0.821875 0.416666666015625 0.75625 0.40625 0.6609375 0.4125 0.61875 0.427083333984375 0.55625 0.466666666015625 0.528125 0.502083333984375 0.5265625 0.510416666015625 0.5328125 0.5125 0.609375 0.4625 0.65 0.447916666015625
0 0.7046875 0.44375 0.6890625 0.44375 0.70625 0.541666666015625 0.7125 0.522916666015625 0.709375 0.460416666015625 0.7046875 0.44375
0 0.6421875 0.404166666015625 0.665625 0.4 0.6703125 0.408333333984375 0.6859375 0.40625 0.6484375 0.377083333984375 0.5921875 0.391666666015625 0.584375 0.404166666015625 0.5703125 0.433333333984375 0.5734375 0.44375 0.5890625 0.441666666015625 0.6421875 0.404166666015625
0 0.7234375 0.3375 0.77114583203125 0.3375 0.721875 0.314583333984375 0.6015625 0.320833333984375 0.55625 0.345833333984375 0.528125 0.379166666015625 0.5171875 0.404166666015625 0.5140625 0.4375 0.528125 0.485416666015625 0.5328125 0.485416666015625 0.5484375 0.43125 0.628125 0.35625 0.7234375 0.3375
0 0.7671875 0.166666666015625 0.7609375 0.154166666015625 0.74375 0.15 0.696875 0.179166666015625 0.6421875 0.2375 0.5953125 0.308333333984375 0.5921875 0.320833333984375 0.6375 0.310416666015625 0.6859375 0.245833333984375 0.7671875 0.166666666015625
0 0.546875 0.320833333984375 0.56875 0.264583333984375 0.5734375 0.220833333984375 0.5671875 0.210416666015625 0.5515625 0.208333333984375 0.53125 0.229166666015625 0.515625 0.275 0.5046875 0.347916666015625 0.5 0.4125 0.509375 0.427083333984375 0.54375 0.352083333984375 0.546875 0.320833333984375
0 0.51875 0.25 0.4953125 0.170833333984375 0.484375 0.15 0.475 0.145833333984375 0.478125 0.30625 0.49375 0.35 0.496875 0.402083333984375 0.51875 0.25
0 0.4734375 0.35 0.4859375 0.40625 0.49375 0.414583333984375 0.4859375 0.302083333984375 0.4703125 0.202083333984375 0.4578125 0.202083333984375 0.4578125 0.216666666015625 0.4703125 0.272916666015625 0.4734375 0.35
0 0.465625 0.254166666015625 0.4484375 0.245833333984375 0.428125 0.247916666015625 0.428125 0.264583333984375 0.4484375 0.28125 0.4765625 0.347916666015625 0.465625 0.254166666015625
0 0.4171875 0.3625 0.4390625 0.354166666015625 0.465625 0.39375 0.48125 0.402083333984375 0.48125 0.38125 0.46875 0.341666666015625 0.4421875 0.31875 0.4 0.329166666015625 0.390625 0.345833333984375 0.3875 0.372916666015625 0.3875 0.427083333984375 0.390625 0.410416666015625 0.4140625 0.389583333984375 0.4171875 0.3625