0 0.4265625 0.733333333984375 0.5015625 0.7875 0.6 0.902083333984375 0.66875 0.997916666015625 0.79375 0.997916666015625 0.709375 0.86875 0.603125 0.760416666015625 0.5328125 0.708333333984375 0.4875 0.6875 0.44375 0.685416666015625 0.371875 0.745833333984375 0.371875 0.752083333984375 0.3796875 0.75 0.4 0.73125 0.4265625 0.733333333984375
0 0.64375 0.622916666015625 0.721875 0.635416666015625 0.8296875 0.66875 0.9328125 0.714583333984375 0.9546875 0.73125 0.9625 0.722916666015625 0.975 0.74375 0.9984375 0.752083333984375 0.9984375 0.69375 0.9734375 0.670833333984375 0.8515625 0.608333333984375 0.7203125 0.577083333984375 0.61875 0.577083333984375 0.55 0.59375 0.48125 0.627083333984375 0.4078125 0.6875 0.403125 0.70625 0.4734375 0.658333333984375 0.5359375 0.629166666015625 0.64375 0.622916666015625
0 0.484375 0.591666666015625 0.55625 0.554166666015625 0.609375 0.541666666015625 0.6125 0.533333333984375 0.69375 0.535416666015625 0.8234375 0.5625 0.9953125 0.641666666015625 0.9984375 0.560416666015625 0.94375 0.533333333984375 0.7984375 0.491666666015625 0.678125 0.485416666015625 0.621875 0.49375 0.546875 0.520833333984375 0.4609375 0.579166666015625 0.396875 0.639583333984375 0.371875 0.6875 0.3828125 0.69375 0.396875 0.6875 0.4203125 0.652083333984375 0.484375 0.591666666015625
0 0.2328125 0.741666666015625 0.259375 0.695833333984375 0.2828125 0.685416666015625 0.303125 0.689583333984375 0.3140625 0.702083333984375 0.3203125 0.725 0.3265625 0.720833333984375 0.3296875 0.702083333984375 0.31875 0.691666666015625 0.31875 0.672916666015625 0.29375 0.666666666015625 0.2375 0.6875 0.209375 0.727083333984375 0.184375 0.8 0.1828125 0.872916666015625 0.190625 0.929166666015625 0.2125 0.89375 0.2328125 0.741666666015625
0 0.2609375 0.670833333984375 0.26875 0.60625 0.284375 0.545833333984375 0.271875 0.510416666015625 0.2640625 0.50625 0.2515625 0.516666666015625 0.2421875 0.547916666015625 0.2421875 0.585416666015625 0.2546875 0.622916666015625 0.2546875 0.675 0.2609375 0.670833333984375
0 0.36875 0.36875 0.365625 0.360416666015625 0.321875 0.345833333984375 0.3203125 0.375 0.3515625 0.46875 0.35625 0.414583333984375 0.36875 0.36875
0 0.3109375 0.527083333984375 0.321875 0.604166666015625 0.3328125 0.6125 0.334375 0.658333333984375 0.3453125 0.664583333984375 0.34375 0.616666666015625 0.3578125 0.497916666015625 0.34375 0.445833333984375 0.303125 0.327083333984375 0.2546875 0.222916666015625 0.2 0.139583333984375 0.1671875 0.116666666015625 0.1625 0.11875 0.1671875 0.1375 0.275 0.383333333984375 0.3109375 0.527083333984375
0 0.2703125 0.502083333984375 0.3046875 0.59375 0.3109375 0.627083333984375 0.3203125 0.608333333984375 0.3140625 0.560416666015625 0.2859375 0.433333333984375 0.259375 0.354166666015625 0.184375 0.260416666015625 0.1203125 0.227083333984375 0.0921875 0.233333333984375 0.090625 0.245833333984375 0.165625 0.322916666015625 0.2296875 0.414583333984375 0.2703125 0.502083333984375
0 0.2171875 0.3 0.15 0.21875 0.1234375 0.208333333984375 0.11875 0.214583333984375 0.125 0.229166666015625 0.19375 0.272916666015625 0.2171875 0.3
0 0.446875 0.327083333984375 0.465625 0.254166666015625 0.465625 0.23125 0.4390625 0.21875 0.428125 0.229166666015625 0.396875 0.325 0.3765625 0.4125 0.375 0.441666666015625 0.403125 0.3625 0.4265625 0.333333333984375 0.446875 0.327083333984375
0 0.41875 0.45 0.4421875 0.35625 0.4421875 0.333333333984375 0.4234375 0.335416666015625 0.3828125 0.385416666015625 0.3796875 0.427083333984375 0.365625 0.472916666015625 0.3546875 0.579166666015625 0.3515625 0.652083333984375 0.3625 0.660416666015625 0.4078125 0.5625 0.41875 0.45
0 0.425 0.59375 0.4578125 0.55625 0.4578125 0.545833333984375 0.4703125 0.54375 0.5265625 0.502083333984375 0.60625 0.472916666015625 0.6609375 0.464583333984375 0.734375 0.479166666015625 0.8171875 0.483333333984375 0.9078125 0.522916666015625 0.9125 0.51875 0.884375 0.477083333984375 0.8359375 0.441666666015625 0.703125 0.420833333984375 0.63125 0.422916666015625 0.5734375 0.4375 0.4546875 0.5125 0.415625 0.55625 0.390625 0.604166666015625 0.3890625 0.622916666015625 0.4 0.627083333984375 0.4171875 0.59375 0.425 0.59375
0 0.603125 0.729166666015625 0.671875 0.75 0.7640625 0.808333333984375 0.8578125 0.885416666015625 0.9421875 0.991666666015625 0.96875 0.997916666015625 0.9078125 0.904166666015625 0.8765625 0.86875 0.753125 0.764583333984375 0.6515625 0.708333333984375 0.5953125 0.695833333984375 0.5296875 0.697916666015625 0.55 0.71875 0.5671875 0.720833333984375 0.5796875 0.739583333984375 0.603125 0.729166666015625
0 0.45 0.75 0.4359375 0.75625 0.4109375 0.775 0.4171875 0.79375 0.465625 0.764583333984375 0.45 0.75
0 0.8109375 0.879166666015625 0.8859375 0.997916666015625 0.909375 0.997916666015625 0.865625 0.91875 0.81875 0.852083333984375 0.7953125 0.83125 0.66875 0.75 0.5609375 0.725 0.59375 0.75 0.6796875 0.76875 0.746875 0.8125 0.8109375 0.879166666015625