0 0.496875 0.64375 0.515625 0.53125 0.5109375 0.514583333984375 0.5 0.520833333984375 0.484375 0.5625 0.4546875 0.7875 0.4515625 0.989583333984375 0.453125 0.997916666015625 0.4765625 0.997916666015625 0.496875 0.64375
0 0.43125 0.677083333984375 0.4828125 0.564583333984375 0.4640625 0.570833333984375 0.4515625 0.5875 0.4140625 0.664583333984375 0.3453125 0.902083333984375 0.340625 0.925 0.34375 0.952083333984375 0.359375 0.920833333984375 0.43125 0.677083333984375
0 0.421875 0.627083333984375 0.4640625 0.570833333984375 0.4828125 0.560416666015625 0.484375 0.541666666015625 0.4453125 0.572916666015625 0.3890625 0.654166666015625 0.3515625 0.7375 0.3 0.8875 0.2671875 0.922916666015625 0.2703125 0.929166666015625 0.303125 0.908333333984375 0.3890625 0.685416666015625 0.421875 0.627083333984375
0 0.6671875 0.695833333984375 0.678125 0.741666666015625 0.68125 0.79375 0.6890625 0.804166666015625 0.6953125 0.775 0.6921875 0.708333333984375 0.6765625 0.583333333984375 0.6421875 0.514583333984375 0.5875 0.472916666015625 0.5453125 0.472916666015625 0.58125 0.49375 0.609375 0.535416666015625 0.6671875 0.695833333984375
0 0.4765625 0.410416666015625 0.48125 0.441666666015625 0.4984375 0.45625 0.496875 0.4375 0.4765625 0.410416666015625
0 0.2015625 0.3375 0.225 0.304166666015625 0.240625 0.302083333984375 0.3 0.322916666015625 0.30625 0.31875 0.3234375 0.335416666015625 0.3546875 0.347916666015625 0.375 0.345833333984375 0.3796875 0.35625 0.4375 0.39375 0.45625 0.414583333984375 0.471875 0.408333333984375 0.428125 0.3625 0.384375 0.335416666015625 0.3234375 0.308333333984375 0.246875 0.289583333984375 0.2 0.30625 0.1625 0.372916666015625 0.153125 0.40625 0.15 0.4625 0.1546875 0.470833333984375 0.175 0.39375 0.2015625 0.3375
0 0.4796875 0.345833333984375 0.5140625 0.45625 0.5265625 0.45625 0.53125 0.46875 0.5203125 0.4 0.48125 0.28125 0.40625 0.166666666015625 0.3796875 0.147916666015625 0.3765625 0.152083333984375 0.3953125 0.195833333984375 0.44375 0.26875 0.4796875 0.345833333984375
0 0.540625 0.420833333984375 0.534375 0.366666666015625 0.5390625 0.354166666015625 0.5359375 0.29375 0.5203125 0.195833333984375 0.5109375 0.175 0.5 0.179166666015625 0.503125 0.327083333984375 0.53125 0.454166666015625 0.5359375 0.45625 0.540625 0.420833333984375
0 0.55 0.429166666015625 0.5703125 0.227083333984375 0.5703125 0.147916666015625 0.5515625 0.183333333984375 0.5375 0.258333333984375 0.5375 0.366666666015625 0.546875 0.40625 0.5421875 0.425 0.55 0.429166666015625
0 0.678125 0.164583333984375 0.65 0.179166666015625 0.5984375 0.24375 0.565625 0.3125 0.5609375 0.345833333984375 0.559375 0.385416666015625 0.6375 0.233333333984375 0.6796875 0.175 0.678125 0.164583333984375
0 0.6859375 0.245833333984375 0.721875 0.216666666015625 0.83125 0.160416666015625 0.83125 0.154166666015625 0.81875 0.15 0.765625 0.164583333984375 0.715625 0.1875 0.6734375 0.21875 0.590625 0.316666666015625 0.5796875 0.358333333984375 0.56875 0.370833333984375 0.559375 0.427083333984375 0.5671875 0.425 0.58125 0.395833333984375 0.6859375 0.245833333984375
0 0.66875 0.29375 0.69375 0.28125 0.7453125 0.283333333984375 0.775 0.325 0.775 0.3125 0.7609375 0.289583333984375 0.70625 0.25625 0.671875 0.264583333984375 0.64375 0.3 0.6140625 0.347916666015625 0.615625 0.354166666015625 0.64375 0.329166666015625 0.66875 0.29375
0 0.7078125 0.31875 0.7385421875 0.316666666015625 0.790625 0.34375 0.7765625 0.33125 0.771875 0.314583333984375 0.73125 0.295833333984375 0.696875 0.29375 0.6390625 0.325 0.5984375 0.379166666015625 0.596875 0.389583333984375 0.6203125 0.385416666015625 0.665625 0.341666666015625 0.7078125 0.31875
0 0.6328125 0.404166666015625 0.7265625 0.366666666015625 0.790625 0.3625 0.903125 0.379166666015625 0.878125 0.3625 0.83125 0.35 0.7328125 0.347916666015625 0.6734375 0.360416666015625 0.61875 0.385416666015625 0.5484375 0.447916666015625 0.5453125 0.466666666015625 0.5578125 0.466666666015625 0.5921875 0.43125 0.6328125 0.404166666015625