0 0.4109375 0.920833333984375 0.4265625 0.941666666015625 0.43125 0.939583333984375 0.43125 0.922916666015625 0.40625 0.622916666015625 0.3578125 0.30625 0.334375 0.320833333984375 0.33125 0.335416666015625 0.328125 0.408333333984375 0.3578125 0.689583333984375 0.3921875 0.860416666015625 0.4109375 0.920833333984375
0 0.303125 0.933333333984375 0.3109375 0.847916666015625 0.3125 0.7125 0.328125 0.452083333984375 0.325 0.352083333984375 0.315625 0.3625 0.303125 0.410416666015625 0.2828125 0.610416666015625 0.2796875 0.895833333984375 0.284375 0.9375 0.29375 0.952083333984375 0.303125 0.933333333984375
0 0.4546875 0.370833333984375 0.6859375 0.660416666015625 0.709375 0.7 0.7328125 0.80625 0.7328125 0.7625 0.71875 0.685416666015625 0.69375 0.635416666015625 0.5 0.391666666015625 0.45625 0.35 0.4046875 0.33125 0.3890625 0.3375 0.3890625 0.345833333984375 0.415625 0.34375 0.4546875 0.370833333984375
0 0.4234375 0.320833333984375 0.4796875 0.354166666015625 0.6015625 0.477083333984375 0.7859375 0.695833333984375 0.825 0.735416666015625 0.8375 0.7375 0.81875 0.691666666015625 0.7375 0.577083333984375 0.5765625 0.397916666015625 0.4921875 0.33125 0.446875 0.308333333984375 0.4140625 0.30625 0.378125 0.327083333984375 0.3765625 0.3375 0.3859375 0.34375 0.390625 0.329166666015625 0.4234375 0.320833333984375
0 0.1109375 0.695833333984375 0.14375 0.4 0.153125 0.35625 0.175 0.308333333984375 0.1875 0.291666666015625 0.2328125 0.266666666015625 0.2890625 0.272916666015625 0.33125 0.304166666015625 0.346875 0.30625 0.3515625 0.3 0.3234375 0.26875 0.2828125 0.252083333984375 0.2296875 0.254166666015625 0.1609375 0.277083333984375 0.1359375 0.297916666015625 0.1 0.347916666015625 0.0828125 0.404166666015625 0.078125 0.470833333984375 0.0765625 0.527083333984375 0.084375 0.614583333984375 0.1015625 0.685416666015625 0.1109375 0.695833333984375
0 0 0.102083333984375 0.06875 0.122916666015625 0.153125 0.166666666015625 0.26875 0.247916666015625 0.3140625 0.260416666015625 0.2515625 0.191666666015625 0.1546875 0.11875 0.0671875 0.077083333984375 0.0046875 0.064583333984375 0 0.066666666015625 0 0.102083333984375
0 0.1546875 0.275 0.0875 0.289583333984375 0.0015625 0.341666666015625 0 0.366666666015625 0.10625 0.30625 0.1328125 0.3 0.1546875 0.275
0 0.33125 0.30625 0.3015625 0.28125 0.2625 0.264583333984375 0.2109375 0.275 0.2734375 0.291666666015625 0.3203125 0.320833333984375 0.3265625 0.320833333984375 0.33125 0.30625
0 0 0.304166666015625 0.1984375 0.264583333984375 0.234375 0.247916666015625 0.1296875 0.235416666015625 0.00625 0.2625 0 0.266666666015625 0 0.304166666015625
0 0.2515625 0.345833333984375 0.28125 0.30625 0.265625 0.308333333984375 0.246875 0.341666666015625 0.1734375 0.535416666015625 0.1359375 0.541666666015625 0.1390625 0.554166666015625 0.15625 0.5625 0.1859375 0.53125 0.2515625 0.345833333984375
0 0.478125 0.2125 0.5671875 0.183333333984375 0.525 0.179166666015625 0.4609375 0.202083333984375 0.428125 0.220833333984375 0.378125 0.275 0.3734375 0.3125 0.4046875 0.26875 0.4453125 0.23125 0.478125 0.2125
0 0.803125 0.2125 0.8265625 0.258333333984375 0.8390625 0.26875 0.8234375 0.210416666015625 0.796875 0.183333333984375 0.715625 0.158333333984375 0.6109375 0.1625 0.64375 0.177083333984375 0.6921875 0.16875 0.765625 0.185416666015625 0.803125 0.2125
0 0.378125 0.25 0.39375 0.24375 0.4125 0.214583333984375 0.4421875 0.1875 0.4765625 0.170833333984375 0.5171875 0.170833333984375 0.6453125 0.20625 0.7296875 0.260416666015625 0.7203125 0.229166666015625 0.6953125 0.202083333984375 0.6328125 0.177083333984375 0.6234375 0.166666666015625 0.5515625 0.15 0.50625 0.15 0.46875 0.160416666015625 0.4125 0.191666666015625 0.3796875 0.229166666015625 0.365625 0.258333333984375 0.365625 0.275 0.371875 0.275 0.378125 0.25
0 0.396875 0.2375 0.390625 0.2125 0.39375 0.195833333984375 0.43125 0.095833333984375 0.4984375 0.125 0.5078125 0.122916666015625 0.490625 0.09375 0.465625 0.075 0.4171875 0.08125 0.39375 0.097916666015625 0.38125 0.11875 0.3546875 0.204166666015625 0.353125 0.275 0.3546875 0.289583333984375 0.3625 0.289583333984375 0.396875 0.2375
0 0.365625 0.160416666015625 0.3796875 0.116666666015625 0.3828125 0.047916666015625 0.378125 0.0375 0.365625 0.054166666015625 0.346875 0.133333333984375 0.3421875 0.233333333984375 0.3515625 0.235416666015625 0.35625 0.233333333984375 0.365625 0.160416666015625
0 0.3390625 0.233333333984375 0.340625 0.170833333984375 0.334375 0.135416666015625 0.3265625 0.125 0.3171875 0.116666666015625 0.3234375 0.24375 0.33125 0.2625 0.3390625 0.233333333984375
0 0.2734375 0 0.26875 0.004166666015625 0.309375 0.11875 0.328125 0.116666666015625 0.296875 0 0.2734375 0
0 0.2359375 0 0.2359375 0.010416666015625 0.2890625 0.170833333984375 0.3015625 0.175 0.30625 0.20625 0.3171875 0.208333333984375 0.309375 0.177083333984375 0.3125 0.129166666015625 0.2953125 0.108333333984375 0.2625 0 0.2359375 0