0 0.803125 0.560416666015625 0.928125 0.583333333984375 0.953125 0.577083333984375 0.94375 0.564583333984375 0.871875 0.535416666015625 0.765625 0.5 0.6734375 0.48125 0.5703125 0.477083333984375 0.5390625 0.4875 0.515625 0.508333333984375 0.5140625 0.514583333984375 0.5875 0.508333333984375 0.6453125 0.516666666015625 0.803125 0.560416666015625
0 0.6484375 0.466666666015625 0.853125 0.483333333984375 0.909375 0.502083333984375 0.9125 0.472916666015625 0.9078125 0.458333333984375 0.8953125 0.45 0.803125 0.425 0.6078125 0.410416666015625 0.6 0.422916666015625 0.54375 0.445833333984375 0.515625 0.472916666015625 0.509375 0.489583333984375 0.503125 0.4875 0.5015625 0.497916666015625 0.509375 0.497916666015625 0.55625 0.470833333984375 0.6484375 0.466666666015625
0 0.5359375 0.441666666015625 0.740625 0.270833333984375 0.7953125 0.235416666015625 0.88125 0.208333333984375 0.8796875 0.2 0.8671875 0.185416666015625 0.8359375 0.170833333984375 0.78125 0.170833333984375 0.75625 0.18125 0.634375 0.285416666015625 0.578125 0.341666666015625 0.5328125 0.408333333984375 0.4953125 0.447916666015625 0.4875 0.445833333984375 0.4953125 0.464583333984375 0.4875 0.483333333984375 0.503125 0.483333333984375 0.5359375 0.441666666015625
0 0.7515625 0.083333333984375 0.765625 0.052083333984375 0.7453125 0.058333333984375 0.709375 0.0875 0.621875 0.191666666015625 0.528125 0.329166666015625 0.5 0.383333333984375 0.5 0.414583333984375 0.4875 0.43125 0.4875 0.441666666015625 0.496875 0.441666666015625 0.534375 0.4 0.7515625 0.083333333984375
0 0.5171875 0.279166666015625 0.4953125 0.314583333984375 0.46875 0.385416666015625 0.4625 0.429166666015625 0.4625 0.45625 0.4828125 0.439583333984375 0.5328125 0.26875 0.5171875 0.279166666015625
0 0.496875 0 0.4765625 0.05 0.465625 0.15625 0.4640625 0.24375 0.471875 0.30625 0.46875 0.322916666015625 0.4765625 0.358333333984375 0.490625 0.31875 0.49375 0.175 0.51875 0 0.496875 0
0 0.4625 0.175 0.4671875 0.122916666015625 0.45625 0.00625 0.4453125 0.027083333984375 0.4421875 0.054166666015625 0.4453125 0.202083333984375 0.459375 0.275 0.4625 0.315 0.4625 0.309375 0.4671875 0.308333333984375 0.4625 0.175
0 0.246875 0.24375 0.15 0.18125 0.0890625 0.16875 0.084375 0.172916666015625 0.4 0.422916666015625 0.3515625 0.352083333984375 0.246875 0.24375
0 0.45 0.525 0.4625 0.516666666015625 0.45625 0.479166666015625 0.4015625 0.427083333984375 0.390625 0.408333333984375 0.228125 0.3375 0.184375 0.327083333984375 0.128125 0.333333333984375 0.1421875 0.347916666015625 0.3203125 0.420833333984375 0.4265625 0.489583333984375 0.45 0.525
0 0 0.391666666015625 0.24375 0.433333333984375 0.25625 0.429166666015625 0.340625 0.470833333984375 0.39375 0.472916666015625 0.34375 0.435416666015625 0.2328125 0.385416666015625 0.075 0.3625 0 0.3625 0 0.391666666015625
0 0.346875 0.46875 0.3328125 0.45625 0.2859375 0.439583333984375 0.16875 0.43125 0.1015625 0.445833333984375 0.021875 0.477083333984375 0.0171875 0.4875 0.0296875 0.489583333984375 0.1375 0.470833333984375 0.346875 0.46875
0 0 0.5625 0.31875 0.522916666015625 0.4421875 0.522916666015625 0.4421875 0.514583333984375 0.4234375 0.5 0.3296875 0.477083333984375 0.284375 0.475 0.1515625 0.483333333984375 0.0234375 0.508333333984375 0 0.514583333984375 0 0.5625
0 0.221875 0.541666666015625 0.1421875 0.566666666015625 0.046875 0.608333333984375 0.04375 0.616666666015625 0.128125 0.597916666015625 0.240625 0.54375 0.221875 0.541666666015625
0 0.196875 0.635416666015625 0.34375 0.55625 0.4140625 0.535416666015625 0.4140625 0.529166666015625 0.3046875 0.529166666015625 0.1890625 0.566666666015625 0.053125 0.65 0.028125 0.677083333984375 0.015625 0.7125 0.0109375 0.758333333984375 0.01875 0.775 0.0296875 0.754166666015625 0.196875 0.635416666015625