0 0.4796875 0.94375 0.4859375 0.916666666015625 0.490625 0.777083333984375 0.490625 0.6 0.4734375 0.504166666015625 0.453125 0.516666666015625 0.446875 0.541666666015625 0.4546875 0.795833333984375 0.465625 0.9125 0.4734375 0.941666666015625 0.4796875 0.94375
0 0.75625 0.966666666015625 0.73125 0.897916666015625 0.5796875 0.602083333984375 0.5265625 0.529166666015625 0.5046875 0.514583333984375 0.4890625 0.514583333984375 0.490625 0.539583333984375 0.528125 0.585416666015625 0.63125 0.789583333984375 0.75625 0.966666666015625
0 0.7828125 0.927083333984375 0.7953125 0.93125 0.7890625 0.897916666015625 0.7609375 0.84375 0.584375 0.6 0.5859375 0.614583333984375 0.6390625 0.716666666015625 0.75 0.885416666015625 0.7828125 0.927083333984375
0 0.6578125 0.585416666015625 0.7140625 0.633333333984375 0.8453125 0.770833333984375 0.83125 0.733333333984375 0.790625 0.68125 0.6921875 0.579166666015625 0.6296875 0.535416666015625 0.5828125 0.514583333984375 0.5609375 0.508333333984375 0.5171875 0.5125 0.51875 0.51875 0.5390625 0.51875 0.5859375 0.5375 0.6578125 0.585416666015625
0 0.8125 0.552083333984375 0.8015625 0.529166666015625 0.7609375 0.49375 0.659375 0.445833333984375 0.5953125 0.429166666015625 0.546875 0.43125 0.5328125 0.44375 0.5140625 0.445833333984375 0.5015625 0.4625 0.55 0.458333333984375 0.7859375 0.55 0.8125 0.552083333984375
0 0.8296875 0.49375 0.8671875 0.579166666015625 0.859375 0.533333333984375 0.834375 0.470833333984375 0.8015625 0.43125 0.7578125 0.414583333984375 0.625 0.429166666015625 0.6359375 0.4375 0.7421875 0.435416666015625 0.803125 0.460416666015625 0.8296875 0.49375
0 0.83125 0.325 0.85625 0.310416666015625 0.9109375 0.310416666015625 0.89375 0.295833333984375 0.865625 0.289583333984375 0.7625 0.302083333984375 0.6203125 0.366666666015625 0.5296875 0.433333333984375 0.528125 0.439583333984375 0.6734375 0.360416666015625 0.771875 0.327083333984375 0.83125 0.325
0 0.6046875 0.308333333984375 0.546875 0.35625 0.49375 0.410416666015625 0.4703125 0.452083333984375 0.459375 0.491666666015625 0.5359375 0.3875 0.5859375 0.3375 0.62377123828125 0.311407767578125 0.615625 0.304166666015625 0.6046875 0.308333333984375
0 0.271875 0.545833333984375 0.3578125 0.510416666015625 0.425 0.504166666015625 0.415625 0.49375 0.415625 0.483333333984375 0.390625 0.475 0.3140625 0.485416666015625 0.2640625 0.504166666015625 0.2015625 0.54375 0.125 0.608333333984375 0.003125 0.74375 0 0.76875 0.0875 0.70625 0.1796875 0.608333333984375 0.271875 0.545833333984375
0 0.3515625 0.516666666015625 0.303125 0.535416666015625 0.2625 0.589583333984375 0.2390625 0.639583333984375 0.246875 0.639583333984375 0.29375 0.575 0.3515625 0.516666666015625
0 0.2828125 0.425 0.3609375 0.435416666015625 0.4140625 0.472916666015625 0.4171875 0.497916666015625 0.4375 0.497916666015625 0.4421875 0.4875 0.4296875 0.483333333984375 0.428125 0.4625 0.4109375 0.4375 0.3703125 0.404166666015625 0.3375 0.389583333984375 0.2734375 0.385416666015625 0.2078125 0.39375 0.15625 0.414583333984375 0.0796875 0.470833333984375 0.0265625 0.529166666015625 0.021875 0.545833333984375 0.1140625 0.483333333984375 0.1890625 0.44375 0.2828125 0.425
0 0.4109375 0.391666666015625 0.3890625 0.358333333984375 0.353125 0.333333333984375 0.3109375 0.322916666015625 0.36875 0.366666666015625 0.4109375 0.422916666015625 0.415625 0.420833333984375 0.4109375 0.391666666015625
0 0.45625 0.491666666015625 0.4578125 0.472916666015625 0.46875 0.452083333984375 0.4625 0.366666666015625 0.4296875 0.239583333984375 0.4125 0.197916666015625 0.403125 0.189583333984375 0.40625 0.233333333984375 0.434375 0.335416666015625 0.45 0.483333333984375 0.45625 0.491666666015625
0 0.2765625 0.127083333984375 0.2578125 0.129166666015625 0.221875 0.15625 0.2125 0.18125 0.25 0.147916666015625 0.2828125 0.139583333984375 0.2765625 0.127083333984375
0 0.3390625 0.25625 0.359375 0.275 0.3390625 0.2375 0.30625 0.239583333984375 0.303125 0.25625 0.309375 0.2875 0.321875 0.252083333984375 0.3390625 0.25625
0 0.4171875 0.397916666015625 0.43125 0.452083333984375 0.4421875 0.458333333984375 0.4359375 0.383333333984375 0.4109375 0.308333333984375 0.3109375 0.125 0.265625 0.0625 0.246875 0.054166666015625 0.284375 0.14375 0.3578125 0.26875 0.3953125 0.360416666015625 0.4171875 0.397916666015625