0 0.45625 0.554166666015625 0.5078125 0.4625 0.5515625 0.45625 0.553125 0.445833333984375 0.546875 0.4375 0.4921875 0.422916666015625 0.4625 0.43125 0.4171875 0.504166666015625 0.4015625 0.55625 0.4 0.59375 0.403125 0.6125 0.4078125 0.6125 0.45625 0.554166666015625
0 0.6453125 0.7875 0.628125 0.708333333984375 0.5984375 0.597916666015625 0.578125 0.566666666015625 0.55625 0.56875 0.625 0.995833333984375 0.6640625 0.997916666015625 0.6640625 0.925 0.6453125 0.7875
0 0.309375 0.729166666015625 0.39375 0.5625 0.4015625 0.535416666015625 0.4 0.514583333984375 0.3859375 0.516666666015625 0.3640625 0.541666666015625 0.35625 0.56875 0.325 0.597916666015625 0.296875 0.647916666015625 0.2234375 0.816666666015625 0.18125 0.960416666015625 0.178125 0.991666666015625 0.1828125 0.997916666015625 0.209375 0.99375 0.309375 0.729166666015625
0 0 0.61875 0.3375 0.422916666015625 0.4421875 0.416666666015625 0.4671875 0.425 0.4828125 0.416666666015625 0.4578125 0.402083333984375 0.390625 0.389583333984375 0.30625 0.397916666015625 0.2453125 0.422916666015625 0.0796875 0.514583333984375 0.0125 0.570833333984375 0 0.583333333984375 0 0.61875
0 0.8953125 0.997916666015625 0.840625 0.825 0.7625 0.652083333984375 0.6921875 0.54375 0.6625 0.51875 0.628125 0.5125 0.6265625 0.539583333984375 0.675 0.604166666015625 0.8578125 0.99375 0.8953125 0.997916666015625
0 0.734375 0.075 0.7328125 0.0625 0.70625 0.045833333984375 0.6953125 0.052083333984375 0.6078125 0.258333333984375 0.615625 0.302083333984375 0.6125 0.333333333984375 0.65625 0.227083333984375 0.734375 0.075
0 0.553125 0.4875 0.5578125 0.5 0.6109375 0.3375 0.609375 0.277083333984375 0.5859375 0.270833333984375 0.575 0.28125 0.53125 0.402083333984375 0.528125 0.43125 0.546875 0.43125 0.5578125 0.445833333984375 0.553125 0.4875
0 0.5484375 0.15 0.5359375 0.185416666015625 0.525 0.279166666015625 0.521875 0.385416666015625 0.528125 0.402083333984375 0.5609375 0.30625 0.5484375 0.15
0 0.5265625 0.002083333984375 0.5 0 0.4984375 0.047916666015625 0.521875 0.304166666015625 0.54375 0.13125 0.5265625 0.002083333984375
0 0.528125 0 0.528125 0.00625 0.5546875 0.175 0.5609375 0.277083333984375 0.5671875 0.2875 0.5734375 0.275 0.5703125 0.152083333984375 0.553125 0 0.528125 0
0 0.2140625 0 0.371875 0.21875 0.4890625 0.4125 0.5109375 0.425 0.51875 0.40625 0.5015625 0.35625 0.428125 0.216666666015625 0.3765625 0.158333333984375 0.2890625 0.035416666015625 0.2484375 0 0.2140625 0
0 0.34375 0.18125 0.3328125 0.185416666015625 0.3234375 0.227083333984375 0.321875 0.260416666015625 0.3296875 0.26875 0.3515625 0.197916666015625 0.34375 0.18125
0 0.7109375 0.99375 0.75 0.997916666015625 0.746875 0.966666666015625 0.675 0.739583333984375 0.6359375 0.654166666015625 0.6171875 0.625 0.60625 0.622916666015625 0.6109375 0.660416666015625 0.6234375 0.677083333984375 0.6515625 0.8125 0.7109375 0.99375