0 0.409375 0.852083333984375 0.4296875 0.4875 0.4421875 0.404166666015625 0.4234375 0.40625 0.4109375 0.420833333984375 0.3859375 0.491666666015625 0.371875 0.560416666015625 0.3609375 0.722916666015625 0.3609375 0.914583333984375 0.371875 0.991666666015625 0.3875 0.997916666015625 0.409375 0.852083333984375
0 0.7140625 0.479166666015625 0.9234375 0.641666666015625 0.921875 0.6625 0.9015625 0.702083333984375 0.909375 0.704166666015625 0.91875 0.691666666015625 0.934375 0.645833333984375 0.921875 0.61875 0.796875 0.514583333984375 0.6921875 0.439583333984375 0.6234375 0.4 0.6140625 0.4 0.6140625 0.40625 0.63125 0.425 0.7140625 0.479166666015625
0 0.528125 0.395833333984375 0.540625 0.4 0.5453125 0.377083333984375 0.540625 0.316666666015625 0.5234375 0.28125 0.503125 0.279166666015625 0.490625 0.297916666015625 0.4609375 0.2875 0.45 0.316666666015625 0.45625 0.345833333984375 0.4640625 0.333333333984375 0.4890625 0.33125 0.528125 0.395833333984375
0 0.6671875 0.652083333984375 0.6875 0.675 0.69375 0.645833333984375 0.6875 0.589583333984375 0.6796875 0.572916666015625 0.684375 0.552083333984375 0.671875 0.539583333984375 0.6703125 0.525 0.6140625 0.4 0.584375 0.35625 0.5578125 0.33125 0.54375 0.327083333984375 0.5453125 0.39375 0.5390625 0.41875 0.6 0.516666666015625 0.6671875 0.652083333984375
0 0.7546875 0.847916666015625 0.7640625 0.852083333984375 0.7609375 0.785416666015625 0.7453125 0.722916666015625 0.6859375 0.579166666015625 0.6984375 0.63125 0.6953125 0.664583333984375 0.684375 0.68125 0.7546875 0.847916666015625
0 0.79375 0.833333333984375 0.7578125 0.716666666015625 0.7671875 0.816666666015625 0.803125 0.910416666015625 0.8078125 0.9 0.79375 0.833333333984375
0 0.6625 0.091666666015625 0.7296875 0.029166666015625 0.7171875 0.020833333984375 0.6921875 0.022916666015625 0.6390625 0.0625 0.5890625 0.120833333984375 0.5734375 0.15625 0.5578125 0.166666666015625 0.5328125 0.208333333984375 0.5234375 0.233333333984375 0.5140625 0.235416666015625 0.5015625 0.254166666015625 0.49375 0.26875 0.496875 0.272916666015625 0.5234375 0.275 0.6625 0.091666666015625
0 0.6078125 0.160416666015625 0.6109375 0.19375 0.6203125 0.16875 0.6203125 0.147916666015625 0.6078125 0.160416666015625
0 0.5890625 0.11875 0.5640625 0.1125 0.5359375 0.1375 0.5140625 0.170833333984375 0.4859375 0.239583333984375 0.4828125 0.252083333984375 0.4984375 0.260416666015625 0.5265625 0.20625 0.5890625 0.11875
0 0.45625 0 0.4625 0.075 0.4578125 0.10625 0.4671875 0.1375 0.465625 0.191666666015625 0.471875 0.195833333984375 0.4859375 0.045833333984375 0.484375 0 0.45625 0
0 0.4109375 0 0.440625 0.329166666015625 0.4421875 0.264583333984375 0.4359375 0.25 0.44375 0.24375 0.4375 0.23125 0.4359375 0.185416666015625 0.4546875 0.179166666015625 0.4625 0.19375 0.4734375 0.189583333984375 0.45625 0.0375 0.446875 0 0.4109375 0
0 0.459375 0.285416666015625 0.478125 0.285416666015625 0.4765625 0.247916666015625 0.4609375 0.189583333984375 0.4515625 0.18125 0.4359375 0.1875 0.434375 0.258333333984375 0.4484375 0.333333333984375 0.453125 0.29375 0.459375 0.285416666015625