0 0.7046875 0.858333333984375 0.7109375 0.827083333984375 0.7390625 0.552083333984375 0.740625 0.441666666015625 0.7265625 0.364583333984375 0.7125 0.372916666015625 0.6859375 0.36875 0.6703125 0.520833333984375 0.66875 0.68125 0.6765625 0.783333333984375 0.6953125 0.866666666015625 0.7046875 0.858333333984375
0 0.490625 0.44375 0.5578125 0.441666666015625 0.6140625 0.466666666015625 0.6453125 0.497916666015625 0.65 0.491666666015625 0.6015625 0.452083333984375 0.553125 0.43125 0.5140625 0.422916666015625 0.46875 0.427083333984375 0.4421875 0.445833333984375 0.40625 0.497916666015625 0.3265625 0.660416666015625 0.3203125 0.68125 0.4171875 0.514583333984375 0.459375 0.4625 0.490625 0.44375
0 0.503821974609375 0.372849853515625 0.5265625 0.379166666015625 0.5796875 0.40625 0.640625 0.4625 0.6359375 0.447916666015625 0.5953125 0.404166666015625 0.5484375 0.375 0.503821974609375 0.372849853515625
0 0.41875 0.36875 0.3890625 0.383333333984375 0.359375 0.416666666015625 0.3234375 0.554166666015625 0.325 0.583333333984375 0.359375 0.429166666015625 0.3765625 0.40625 0.43125 0.377083333984375 0.4828125 0.375 0.485829740234375 0.3719827578125 0.41875 0.36875
0 0.6515625 0.397916666015625 0.65 0.3875 0.6203125 0.364583333984375 0.5109375 0.3375 0.371875 0.34375 0.25 0.36875 0.196875 0.391666666015625 0.2921875 0.375 0.478125 0.364583333984375 0.5953125 0.375 0.6515625 0.397916666015625
0 0.3703125 0.2 0.434375 0.220833333984375 0.4828125 0.247916666015625 0.540625 0.29375 0.5703125 0.327083333984375 0.565625 0.30625 0.51875 0.260416666015625 0.4203125 0.202083333984375 0.3328125 0.177083333984375 0.225 0.179166666015625 0.1796875 0.158333333984375 0.16875 0.160416666015625 0.16875 0.16875 0.2296875 0.202083333984375 0.31875 0.19375 0.3703125 0.2
0 0.19375 0 0.3796875 0.114583333984375 0.446875 0.164583333984375 0.50625 0.225 0.5984375 0.354166666015625 0.621875 0.358333333984375 0.5328125 0.235416666015625 0.465625 0.1625 0.3703125 0.083333333984375 0.26875 0.01875 0.2265625 0 0.19375 0
0 0.74375 0.23125 0.753125 0.09375 0.740625 0.1125 0.7265625 0.15625 0.6921875 0.329166666015625 0.6921875 0.3625 0.709375 0.370833333984375 0.721875 0.360416666015625 0.74375 0.23125
0 0.6390625 0.335416666015625 0.6546875 0.385416666015625 0.671875 0.40625 0.6796875 0.375 0.628125 0.23125 0.58125 0.15 0.53125 0.097916666015625 0.5265625 0.097916666015625 0.528125 0.1125 0.5703125 0.183333333984375 0.6390625 0.335416666015625
0 0.8890625 0.454166666015625 0.93125 0.475 0.9046875 0.452083333984375 0.825 0.43125 0.7875 0.433333333984375 0.75625 0.452083333984375 0.75 0.464583333984375 0.790625 0.447916666015625 0.8421875 0.44375 0.8890625 0.454166666015625
0 0.878125 0.385416666015625 0.9296875 0.372916666015625 0.9984375 0.377083333984375 0.9984375 0.35 0.9296875 0.35 0.875 0.3625 0.8078125 0.391666666015625 0.75 0.435416666015625 0.75 0.45625 0.759375 0.45625 0.7703125 0.435416666015625 0.878125 0.385416666015625
0 0.93125 0.377083333984375 0.9234375 0.383333333984375 0.9453125 0.40625 0.9453125 0.391666666015625 0.93125 0.377083333984375
0 0.8578125 0.35 0.9140625 0.352083333984375 0.896875 0.34375 0.8359375 0.339583333984375 0.8125 0.352083333984375 0.7640625 0.402083333984375 0.7640625 0.414583333984375 0.775 0.410416666015625 0.8265625 0.366666666015625 0.8578125 0.35
0 0.8015625 0.358333333984375 0.83125 0.341666666015625 0.896875 0.285416666015625 0.9984375 0.222916666015625 0.9984375 0.197916666015625 0.9296875 0.233333333984375 0.8703125 0.275 0.7609375 0.383333333984375 0.7609375 0.389583333984375 0.771875 0.385416666015625 0.7828125 0.402083333984375 0.8015625 0.358333333984375
0 0.95 0.179166666015625 0.9984375 0.158333333984375 0.9984375 0.133333333984375 0.940625 0.1375 0.859375 0.185416666015625 0.8328125 0.2125 0.7515625 0.34375 0.7453125 0.372916666015625 0.828125 0.277083333984375 0.8921875 0.21875 0.95 0.179166666015625
0 0.9375 0 0.9265625 0.008333333984375 0.8578125 0.085416666015625 0.778125 0.210416666015625 0.7359375 0.297916666015625 0.725 0.358333333984375 0.740625 0.385416666015625 0.759375 0.35 0.771875 0.341666666015625 0.78125 0.29375 0.9640625 0 0.9375 0
0 0.865625 0.05625 0.8296875 0.06875 0.8046875 0.095833333984375 0.771875 0.1625 0.74375 0.25 0.7421875 0.270833333984375 0.8390625 0.095833333984375 0.8671875 0.064583333984375 0.865625 0.05625