0 0.4546875 0.822916666015625 0.4734375 0.808333333984375 0.4984375 0.758333333984375 0.5953125 0.616666666015625 0.8375 0.352083333984375 0.8796875 0.322916666015625 0.8890625 0.327083333984375 0.8953125 0.352083333984375 0.90625 0.366666666015625 0.9140625 0.354166666015625 0.9125 0.33125 0.865625 0.2875 0.83125 0.272916666015625 0.80625 0.2875 0.74375 0.345833333984375 0.6625 0.439583333984375 0.5546875 0.589583333984375 0.5046875 0.675 0.446875 0.80625 0.4453125 0.839583333984375 0.45 0.84375 0.45625 0.835416666015625 0.4546875 0.822916666015625
0 0.5921875 0 0.584375 0.016666666015625 0.5140625 0.247916666015625 0.4625 0.479166666015625 0.4359375 0.652083333984375 0.434375 0.760416666015625 0.4421875 0.760416666015625 0.4453125 0.772916666015625 0.5296875 0.333333333984375 0.56875 0.172916666015625 0.5953125 0.108333333984375 0.6125 0 0.5921875 0
0 0.428125 0.858333333984375 0.4359375 0.814583333984375 0.4546875 0.233333333984375 0.4515625 0.172916666015625 0.4390625 0.195833333984375 0.4296875 0.235416666015625 0.4 0.522916666015625 0.396875 0.660416666015625 0.403125 0.770833333984375 0.41875 0.85625 0.428125 0.858333333984375
0 0.359375 0.635416666015625 0.3609375 0.535416666015625 0.3671875 0.514583333984375 0.2921875 0.127083333984375 0.28125 0.125 0.271875 0.145833333984375 0.2703125 0.21875 0.2828125 0.325 0.3203125 0.50625 0.359375 0.635416666015625
0 0.303125 0.85 0.3453125 0.847916666015625 0.3 0.810416666015625 0.1890625 0.78125 0.0921875 0.775 0.0515625 0.785416666015625 0.0265625 0.80625 0.0140625 0.80625 0.0109375 0.827083333984375 0.1546875 0.841666666015625 0.2046875 0.835416666015625 0.303125 0.85
0 0.74375 0.939583333984375 0.7359375 0.91875 0.6796875 0.879166666015625 0.6328125 0.858333333984375 0.5953125 0.852083333984375 0.528125 0.8625 0.471875 0.910416666015625 0.4734375 0.91875 0.5578125 0.885416666015625 0.6296875 0.885416666015625 0.74375 0.939583333984375
0 0.4875 0.845833333984375 0.571875 0.814583333984375 0.596875 0.816666666015625 0.6171875 0.8375 0.61875 0.847916666015625 0.61875 0.8125 0.609375 0.804166666015625 0.5625 0.797916666015625 0.4828125 0.820833333984375 0.4703125 0.827083333984375 0.45 0.8625 0.4453125 0.9 0.4546875 0.9 0.45625 0.8875 0.4875 0.845833333984375
0 0.54375 0.945833333984375 0.596875 0.958333333984375 0.6734375 0.997916666015625 0.721875 0.997916666015625 0.6984375 0.972916666015625 0.6421875 0.935416666015625 0.5734375 0.908333333984375 0.5234375 0.904166666015625 0.490625 0.910416666015625 0.46875 0.916666666015625 0.4546875 0.93125 0.4484375 0.95625 0.4578125 0.96875 0.484375 0.952083333984375 0.54375 0.945833333984375
0 0.3796875 0.9625 0.3234375 0.99375 0.3203125 0.997916666015625 0.38125 0.997916666015625 0.4078125 0.972916666015625 0.3796875 0.9625
0 0.4171875 0.9 0.415625 0.847916666015625 0.4015625 0.783333333984375 0.396875 0.691666666015625 0.378125 0.54375 0.3765625 0.472916666015625 0.36875 0.527083333984375 0.3640625 0.666666666015625 0.3765625 0.83125 0.3875 0.875 0.4171875 0.9
0 0.2671875 0.895833333984375 0.3625 0.885416666015625 0.3984375 0.9 0.3578125 0.860416666015625 0.3046875 0.860416666015625 0.303125 0.854166666015625 0.240625 0.841666666015625 0.1109375 0.858333333984375 0.003125 0.89375 0 0.964583333984375 0.13125 0.922916666015625 0.2328125 0.910416666015625 0.2671875 0.895833333984375