0 0.3125 0.6 0.3609375 0.702083333984375 0.384375 0.727083333984375 0.3875 0.65625 0.3234375 0.520833333984375 0.24375 0.38125 0.2046875 0.327083333984375 0.184375 0.3125 0.1640625 0.320833333984375 0.1609375 0.339583333984375 0.1890625 0.402083333984375 0.284375 0.564583333984375 0.3125 0.6
0 0.275 0.622916666015625 0.371875 0.745833333984375 0.3859375 0.758333333984375 0.390625 0.754166666015625 0.3875 0.722916666015625 0.3734375 0.69375 0.3078125 0.59375 0.2 0.489583333984375 0.134375 0.447916666015625 0.096875 0.439583333984375 0.09375 0.4625 0.109375 0.4875 0.1421875 0.504166666015625 0.275 0.622916666015625
0 0.44375 0.84375 0.4453125 0.7625 0.43125 0.666666666015625 0.43125 0.59375 0.4390625 0.53125 0.434375 0.3875 0.4140625 0.425 0.403125 0.477083333984375 0.3953125 0.6 0.39375 0.714583333984375 0.4046875 0.8 0.41875 0.83125 0.44375 0.84375
0 0.4484375 0.760416666015625 0.45625 0.7625 0.4640625 0.68125 0.4578125 0.666666666015625 0.4640625 0.658333333984375 0.53125 0.1 0.5328125 0.035416666015625 0.5265625 0.0375 0.525 0.029166666015625 0.496875 0.091666666015625 0.4765625 0.16875 0.4390625 0.4 0.44375 0.429166666015625 0.4421875 0.547916666015625 0.43125 0.633333333984375 0.4484375 0.760416666015625
0 0.6125 0.2375 0.63125 0.185416666015625 0.646875 0.172916666015625 0.646875 0.164583333984375 0.63125 0.166666666015625 0.615625 0.152083333984375 0.5921875 0.15 0.578125 0.158333333984375 0.5640625 0.183333333984375 0.49375 0.433333333984375 0.4765625 0.55625 0.46875 0.65 0.490625 0.654166666015625 0.4984375 0.64375 0.6125 0.2375
0 0.5265625 0.677083333984375 0.575 0.6 0.65 0.516666666015625 0.7828125 0.404166666015625 0.7953125 0.402083333984375 0.7984375 0.43125 0.80625 0.43125 0.8140625 0.402083333984375 0.796875 0.379166666015625 0.7765625 0.370833333984375 0.7265625 0.389583333984375 0.6625 0.43125 0.6234375 0.464583333984375 0.5671875 0.529166666015625 0.528125 0.5875 0.5 0.645833333984375 0.4953125 0.675 0.5 0.691666666015625 0.509375 0.691666666015625 0.5265625 0.677083333984375
0 0.8515625 0.472916666015625 0.8375 0.470833333984375 0.75 0.50625 0.6515625 0.5625 0.54375 0.65625 0.5296875 0.675 0.5234375 0.7 0.5015625 0.729166666015625 0.490625 0.772916666015625 0.5875 0.670833333984375 0.840625 0.49375 0.8515625 0.472916666015625
0 0 0.895833333984375 0.121875 0.860416666015625 0.2375 0.8375 0.2828125 0.839583333984375 0.3078125 0.829166666015625 0.3703125 0.83125 0.41875 0.85625 0.43125 0.852083333984375 0.3890625 0.8125 0.2890625 0.7875 0.19375 0.795833333984375 0.084375 0.825 0.075 0.8375 0.053125 0.835416666015625 0.0390625 0.845833333984375 0.0171875 0.847916666015625 0.0125 0.858333333984375 0 0.8625 0 0.895833333984375
0 0.3375 0.875 0.41875 0.858333333984375 0.3984375 0.84375 0.359375 0.833333333984375 0.2703125 0.854166666015625 0.121875 0.91875 0.009375 0.99375 0.00625 0.997916666015625 0.1046875 0.997916666015625 0.2609375 0.90625 0.3375 0.875
0 0.396875 0.866666666015625 0.3421875 0.88125 0.203125 0.99375 0.3 0.997916666015625 0.371875 0.91875 0.4203125 0.88125 0.396875 0.866666666015625
0 0.409375 0.8875 0.390625 0.902083333984375 0.3234375 0.977083333984375 0.3203125 0.997916666015625 0.36875 0.997916666015625 0.428125 0.889583333984375 0.409375 0.8875