0 0.4546875 0.725 0.503125 0.572916666015625 0.5125 0.558333333984375 0.5125 0.529166666015625 0.4875 0.541666666015625 0.4328125 0.654166666015625 0.4015625 0.74375 0.3625 0.8875 0.3375 0.997916666015625 0.3859375 0.997916666015625 0.390625 0.9875 0.4546875 0.725
0 0.525 0.835416666015625 0.53125 0.554166666015625 0.5171875 0.55625 0.5046875 0.59375 0.4765625 0.889583333984375 0.4734375 0.99375 0.5078125 0.997916666015625 0.5140625 0.99375 0.525 0.835416666015625
0 0.6046875 0.8125 0.6109375 0.802083333984375 0.615625 0.747916666015625 0.6140625 0.675 0.603125 0.597916666015625 0.6078125 0.58125 0.5625 0.51875 0.534375 0.516666666015625 0.528125 0.525 0.55 0.579166666015625 0.590625 0.78125 0.6046875 0.8125
0 0.6671875 0.997916666015625 0.6578125 0.85 0.615625 0.6625 0.615625 0.785416666015625 0.6078125 0.820833333984375 0.6296875 0.997916666015625 0.6671875 0.997916666015625
0 0.7625 0.870833333984375 0.7953125 0.995833333984375 0.8125 0.997916666015625 0.815625 0.958333333984375 0.8046875 0.889583333984375 0.7546875 0.764583333984375 0.6546875 0.622916666015625 0.603125 0.577083333984375 0.6046875 0.59375 0.6484375 0.645833333984375 0.71875 0.764583333984375 0.7625 0.870833333984375
0 0.553125 0.445833333984375 0.5421875 0.45 0.528125 0.477083333984375 0.5296875 0.514583333984375 0.54375 0.5125 0.553125 0.4875 0.553125 0.445833333984375
0 0.5265625 0.510416666015625 0.528125 0.470833333984375 0.540625 0.447916666015625 0.5390625 0.325 0.5234375 0.233333333984375 0.5125 0.216666666015625 0.50625 0.235416666015625 0.5046875 0.410416666015625 0.5140625 0.5125 0.51875 0.514583333984375 0.5265625 0.510416666015625
0 0.471875 0.416666666015625 0.5046875 0.4875 0.5015625 0.441666666015625 0.4875 0.397916666015625 0.453125 0.341666666015625 0.415625 0.3375 0.3953125 0.352083333984375 0.3828125 0.375 0.38125 0.395833333984375 0.41875 0.352083333984375 0.43125 0.358333333984375 0.471875 0.416666666015625
0 0.496875 0.402083333984375 0.503125 0.377083333984375 0.5015625 0.279166666015625 0.4390625 0.047916666015625 0.421875 0.004166666015625 0.4046875 0 0.409375 0.054166666015625 0.4609375 0.297916666015625 0.4859375 0.391666666015625 0.496875 0.402083333984375
0 0.5046875 0.225 0.51875 0.222916666015625 0.5265625 0.239583333984375 0.5390625 0.333333333984375 0.5390625 0.170833333984375 0.5296875 0 0.4921875 0.002083333984375 0.503125 0.204166666015625 0.5109375 0.214583333984375 0.5046875 0.225
0 0.5625 0.470833333984375 0.709375 0.177083333984375 0.7296875 0.16875 0.7375 0.15625 0.7359375 0.13125 0.74375 0.104166666015625 0.7875 0 0.746875 0.002083333984375 0.659375 0.189583333984375 0.58125 0.320833333984375 0.5484375 0.40625 0.546875 0.429166666015625 0.5578125 0.454166666015625 0.55625 0.466666666015625 0.5625 0.470833333984375
0 0.7453125 0.135416666015625 0.734375 0.13125 0.7171875 0.158333333984375 0.71875 0.175 0.7265625 0.175 0.7453125 0.145833333984375 0.7453125 0.135416666015625