0 0.478125 0.660416666015625 0.4671875 0.75625 0.4171875 0.910416666015625 0.4296875 0.9125 0.4484375 0.89375 0.4703125 0.841666666015625 0.496875 0.745833333984375 0.5140625 0.63125 0.5 0.577083333984375 0.4765625 0.520833333984375 0.428125 0.439583333984375 0.4109375 0.429166666015625 0.4046875 0.433333333984375 0.440625 0.49375 0.459375 0.547916666015625 0.478125 0.660416666015625
0 0.215625 0.295833333984375 0.2546875 0.314583333984375 0.290625 0.345833333984375 0.334375 0.4125 0.3390625 0.395833333984375 0.3140625 0.345833333984375 0.265625 0.297916666015625 0.234375 0.28125 0.184375 0.279166666015625 0.1265625 0.3125 0.1 0.3375 0.071875 0.38125 0.0421875 0.452083333984375 0.0390625 0.46875 0.1296875 0.320833333984375 0.1828125 0.291666666015625 0.215625 0.295833333984375
0 0.4296875 0.33125 0.45 0.34375 0.4671875 0.36875 0.51875 0.520833333984375 0.5828125 0.847916666015625 0.590625 0.86875 0.596875 0.86875 0.6078125 0.85 0.6140625 0.808333333984375 0.60625 0.652083333984375 0.5953125 0.5875 0.5171875 0.316666666015625 0.471875 0.310416666015625 0.40625 0.316666666015625 0.375 0.3375 0.359375 0.372916666015625 0.359375 0.385416666015625 0.3859375 0.377083333984375 0.3921875 0.360416666015625 0.4296875 0.33125
0 0.5984375 0.460416666015625 0.6125 0.464583333984375 0.5921875 0.4 0.5484375 0.3375 0.51875 0.316666666015625 0.4671875 0.3125 0.46875 0.320833333984375 0.5015625 0.333333333984375 0.571875 0.414583333984375 0.5984375 0.460416666015625
0 0.715625 0.997916666015625 0.728125 0.997916666015625 0.7359375 0.98125 0.728125 0.883333333984375 0.678125 0.65 0.6296875 0.529166666015625 0.5578125 0.43125 0.6 0.608333333984375 0.65 0.745833333984375 0.7125 0.989583333984375 0.715625 0.997916666015625
0 0.7640625 0.666666666015625 0.7640625 0.722916666015625 0.753125 0.758333333984375 0.7609375 0.758333333984375 0.76875 0.739583333984375 0.771875 0.660416666015625 0.7609375 0.602083333984375 0.746875 0.564583333984375 0.725 0.522916666015625 0.6796875 0.4625 0.6015625 0.404166666015625 0.6015625 0.414583333984375 0.671875 0.477083333984375 0.73125 0.5625 0.7640625 0.666666666015625
0 0.428125 0 0.375 0.2375 0.3734375 0.260416666015625 0.3796875 0.264583333984375 0.375 0.289583333984375 0.3859375 0.29375 0.425 0.1875 0.4640625 0 0.428125 0
0 0.33125 0.279166666015625 0.3234375 0.266666666015625 0.3265625 0.260416666015625 0.309375 0.172916666015625 0.2953125 0.1375 0.2171875 0 0.1765625 0.002083333984375 0.2765625 0.197916666015625 0.3296875 0.31875 0.33125 0.279166666015625
0 0.31875 0.129166666015625 0.3109375 0.041666666015625 0.3 0 0.2625 0.002083333984375 0.30625 0.175 0.3140625 0.183333333984375 0.31875 0.129166666015625
0 0.325 0.275 0.334375 0.297916666015625 0.3296875 0.320833333984375 0.340625 0.345833333984375 0.3375 0.35625 0.3453125 0.383333333984375 0.3578125 0.364583333984375 0.365625 0.322916666015625 0.365625 0.264583333984375 0.3375 0.066666666015625 0.328125 0.03125 0.3171875 0.014583333984375 0.30625 0.05 0.3125 0.052083333984375 0.31875 0.079166666015625 0.325 0.275
0 0.4171875 0.25 0.4140625 0.227083333984375 0.3828125 0.302083333984375 0.3796875 0.322916666015625 0.4 0.314583333984375 0.40625 0.304166666015625 0.4171875 0.25