0 0.4375 0.7395833328125 0.496875 0.6125 0.478125 0.60625 0.453125 0.6458333328125 0.3875 0.7708333328125 0.2921875 0.9791666671874999 0.2859375 0.9979166671874999 0.2984375 0.9979166671874999 0.30625 0.9875 0.4375 0.7395833328125
0 0.7296875 0.25833333281250004 0.6125 0.40625 0.5578125 0.49375 0.55625 0.5041666671875 0.571875 0.49375 0.671875 0.3645833328125 0.7296875 0.25833333281250004
0 0.725 0.5729166671875 0.8375 0.5395833328124999 0.8734375 0.4875 0.8421875 0.5229166671875001 0.81875 0.5375 0.69375 0.5645833328125 0.5734375 0.55 0.528125 0.5770833328125 0.5171875 0.59375 0.58515625 0.5625 0.6515625 0.5770833328125 0.725 0.5729166671875
0 0.9421875 0.40416666718750005 0.95 0.39375 0.6125 0.49375 0.584375 0.4916666671875 0.5421875 0.5208333328125 0.5296875 0.5395833328124999 0.5984375 0.5104166671875 0.8234375 0.4458333328125 0.9421875 0.40416666718750005
0 0.5421875 0.4291666671875 0.5671875 0.2770833328125 0.5796875 0.16875 0.58125 0.0979166671875 0.5578125 0.2125 0.5265625 0.4291666671875 0.521875 0.5166666671875 0.5296875 0.49791666718750005 0.5296875 0.46458333281249997 0.5421875 0.4291666671875
0 0.421875 0.46875 0.4390625 0.47083333281249995 0.3 0.275 0.178125 0.13333333281249998 0.3375 0.3729166671875 0.403125 0.44166666718750003 0.415625 0.4458333328125 0.421875 0.46875
0 0.4484375 0.48333333281249996 0.4421875 0.47291666718750003 0.3765625 0.4145833328125 0.3296875 0.38333333281250004 0.0890625 0.2604166671875 0.1078125 0.2770833328125 0.3578125 0.4166666671875 0.446875 0.49791666718750005 0.4484375 0.48333333281249996
0 0.2796875 0.2958333328125 0.153125 0.175 0.15625 0.1875 0.209375 0.2479166671875 0.353125 0.4 0.2796875 0.2958333328125
0 0.35625 0.275 0.2125 0.0916666671875 0.459375 0.48333333281249996 0.4703125 0.4875 0.453125 0.44166666718750003 0.35625 0.275
0 0.4703125 0.45208333281249996 0.4703125 0.43125 0.41875 0.30625 0.3109375 0.0979166671875 0.30625 0.0958333328125 0.328125 0.15 0.353125 0.1916666671875 0.4703125 0.45208333281249996
0 0.5078125 0.525 0.4921875 0.41041666718750003 0.45 0.25 0.45625 0.32083333281250004 0.4859375 0.48541666718750004 0.5015625 0.5395833328124999 0.5078125 0.525
0 0.4875 0.40208333281249997 0.4765625 0.41875 0.5 0.5375 0.5078125 0.5395833328124999 0.5078125 0.4895833328125 0.5015625 0.4625 0.50625 0.45625 0.5046875 0.39375 0.4859375 0.26875 0.4375 0.10833333281249999 0.434375 0.1041666671875 0.4796875 0.35625 0.4890625 0.375 0.4875 0.40208333281249997
0 0.53125 0.29375 0.528125 0.1125 0.521875 0.07291666718749999 0.5203125 0.08541666718749999 0.5078125 0.4625 0.5109375 0.5104166671875 0.5171875 0.525 0.53125 0.29375