0 0.4453125 0.5770833328125 0.45625 0.5791666671875 0.4421875 0.55 0.378125 0.47291666718750003 0.309375 0.4125 0.1703125 0.32083333281250004 0.059375 0.26875 0.053125 0.26875 0.0984375 0.2958333328125 0.4 0.5270833328125 0.4453125 0.5770833328125
0 0.2390625 0.4625 0.0859375 0.40208333281249997 0.0109375 0.3875 0.4171875 0.58125 0.4484375 0.5833333328125 0.334375 0.5104166671875 0.2390625 0.4625
0 0.459375 0.64375 0.4828125 0.6291666671875 0.409375 0.625 0.265625 0.5833333328125 0.25 0.5854166671875001 0.3078125 0.6125 0.41875 0.6458333328125 0.459375 0.64375
0 0.35625 0.7145833328125 0.428125 0.6666666671875 0.4125 0.6604166671875 0.3671875 0.68125 0.2796875 0.7354166671875 0.0078125 0.99375 0.0203125 0.9979166671874999 0.04375 0.9833333328125 0.1859375 0.8520833328125 0.35625 0.7145833328125
0 0.565625 0.99375 0.578125 0.9979166671874999 0.5625 0.8708333328125001 0.5625 0.79375 0.55 0.68125 0.5375 0.6416666671875 0.53125 0.6395833328125 0.51875 0.6541666671875 0.5171875 0.725 0.5234375 0.78125 0.559375 0.9708333328125001 0.565625 0.99375
0 0.64375 0.6291666671875 0.7453125 0.6854166671875 0.85625 0.7333333328125 0.95625 0.75625 0.9984375 0.75625 0.996875 0.7458333328125 0.8609375 0.7020833328125 0.665625 0.6083333328125 0.6328125 0.6 0.5984375 0.6020833328124999 0.54375 0.6291666671875 0.5390625 0.6375 0.5453125 0.6458333328125 0.6078125 0.625 0.64375 0.6291666671875
0 0.615625 0.5083333328124999 0.9171875 0.0270833328125 0.746875 0.25 0.7328125 0.2541666671875 0.6359375 0.4166666671875 0.6 0.4604166671875 0.5390625 0.5833333328125 0.53125 0.6104166671875 0.5390625 0.6104166671875 0.5390625 0.6 0.615625 0.5083333328124999
0 0.6 0.40416666718750005 0.609375 0.39791666718749996 0.6640625 0.2875 0.75 0.075 0.640625 0.2875 0.5453125 0.5020833328125 0.553125 0.5020833328125 0.5734375 0.46875 0.6 0.40416666718750005
0 0.54375 0.4479166671875 0.55625 0.4291666671875 0.64375 0.19375 0.7296875 0.0395833328125 0.68125 0.1020833328125 0.6375 0.17916666718750002 0.615625 0.19583333281249998 0.5875 0.2833333328125 0.553125 0.3625 0.5328125 0.4479166671875 0.528125 0.49791666718750005 0.5390625 0.4895833328125 0.546875 0.46666666718750005 0.54375 0.4479166671875
0 0.4453125 0 0.4453125 0.01875 0.4671875 0.3229166671875 0.478125 0.44166666718750003 0.484375 0.44375 0.4921875 0.43541666718750005 0.49375 0.40416666718750005 0.4875 0.22916666718749998 0.45 0 0.4453125 0
0 0.421875 0.2625 0.3796875 0.11041666718750001 0.43125 0.40833333281249995 0.4734375 0.5479166671875 0.48125 0.5458333328125 0.421875 0.2625
0 0.459375 0.5333333328125 0.4609375 0.5166666671875 0.40625 0.4 0.334375 0.1979166671875 0.3828125 0.3708333328125 0.459375 0.5333333328125
0 0.49375 0.4270833328125 0.4921875 0.5041666671875 0.5046875 0.59375 0.5078125 0.2875 0.49375 0.4270833328125