0 0.496875 0.7770833328125 0.5 0.7625 0.5125 0.7625 0.5484375 0.6916666671875 0.678125 0.38125 0.75 0.1875 0.628125 0.4145833328125 0.5703125 0.5520833328125 0.5203125 0.7 0.4875 0.76875 0.4890625 0.7791666671875 0.496875 0.7770833328125
0 0.9984375 0.81875 0.9984375 0.7979166671875 0.728125 0.7895833328124999 0.5609375 0.80625 0.51875 0.8208333328125 0.5109375 0.8333333328125001 0.5 0.8354166671875 0.503125 0.8520833328125 0.528125 0.8354166671875 0.5625 0.8270833328125 0.9984375 0.81875
0 0.8328125 0.9979166671874999 0.9171875 0.9979166671874999 0.7734375 0.9229166671875 0.6953125 0.8916666671875 0.59375 0.8625 0.5015625 0.8604166671875 0.5015625 0.8729166671874999 0.5078125 0.8770833328125001 0.5796875 0.8854166671874999 0.8328125 0.9979166671874999
0 0.44375 0.38333333281250004 0.415625 0.08125 0.41121933281249995 0.0794877328125 0.4125 0.3270833328125 0.4203125 0.5145833328125 0.4375 0.65 0.4453125 0.6916666671875 0.453125 0.7041666671875 0.45625 0.6604166671875 0.44375 0.38333333281250004
0 0.528125 0.64375 0.5578125 0.4291666671875 0.58125 0.1666666671875 0.553125 0.3125 0.50625 0.65 0.4859375 0.7583333328124999 0.5 0.7395833328125 0.528125 0.64375
0 0.378125 0.6145833328125 0.4 0.6333333328124999 0.3515625 0.4916666671875 0.203125 0.1208333328125 0.1984375 0.1125 0.2578125 0.3229166671875 0.325 0.5208333328125 0.378125 0.6145833328125
0 0.3921875 0.75 0.39375 0.7333333328125 0.365625 0.6645833328124999 0.24375 0.4125 0.18125 0.3104166671875 0.065625 0.1541666671875 0.190625 0.36666666718749996 0.4 0.7770833328125 0.4 0.75 0.3921875 0.75
0 0 0.8583333328125 0.3046875 0.8583333328125 0.3932296875 0.8479166671874999 0.4453125 0.8604166671875 0.4515625 0.8520833328125 0.4375 0.8354166671875 0.4015625 0.8229166671874999 0.30625 0.8166666671874999 0 0.825 0 0.8583333328125
0 0.453125 0.8895833328125 0.446875 0.88125 0.4375 0.8833333328125 0.309375 0.99375 0.30625 0.9979166671874999 0.3671875 0.99375 0.446875 0.90625 0.453125 0.8895833328125
0 0.4734375 0.8833333328125 0.4625 0.8895833328125 0.4515625 0.9791666671874999 0.45 0.9979166671874999 0.4796875 0.9979166671874999 0.48125 0.9020833328125001 0.4734375 0.8833333328125
0 0.5328125 0.9604166671875 0.5015625 0.8770833328125001 0.4890625 0.8520833328125 0.4796875 0.85 0.475 0.8583333328125 0.5140625 0.9958333328125001 0.5390625 0.9979166671874999 0.5328125 0.9604166671875
0 0.3625 0.575 0.3734375 0.6041666671875 0.3671875 0.6145833328125 0.4421875 0.7979166671875 0.446875 0.7895833328124999 0.459375 0.7979166671875 0.3875 0.5854166671875001 0.203125 0.1208333328125 0.1984375 0.1125 0.2515625 0.30416666718749996 0.328125 0.5208333328125 0.3625 0.575