0 0.4859375 0.65 0.5375 0.6708333328125 0.55625 0.6708333328125 0.4609375 0.6291666671875 0.34375 0.6270833328125 0.1859375 0.6541666671875 0.0359375 0.7020833328125 0.0296875 0.70625 0.1953125 0.6708333328125 0.3432296875 0.6541666671875 0.4859375 0.65
0 0.4609375 0.75 0.553125 0.68125 0.5265625 0.6791666671875001 0.4859375 0.6958333328124999 0.4109375 0.7458333328125 0.28125 0.8145833328125001 0.28125 0.8208333328125 0.3 0.8166666671874999 0.4015625 0.78125 0.4609375 0.75
0 0.5765625 0.6604166671875 0.5328125 0.7020833328125 0.4625 0.8 0.4609375 0.8104166671874999 0.5734375 0.6916666671875 0.5875 0.6645833328124999 0.5765625 0.6604166671875
0 0.865625 0.8604166671875 0.728125 0.725 0.675 0.6895833328125 0.628125 0.6791666671875001 0.625 0.6854166671875 0.6953125 0.73125 0.94375 0.95625 0.865625 0.8604166671875
0 0.9984375 0.7375 0.9984375 0.725 0.784375 0.6604166671875 0.66875 0.6458333328125 0.6296875 0.65 0.6203125 0.6583333328125 0.61875 0.6645833328124999 0.65 0.65625 0.78125 0.68125 0.9984375 0.7375
0 0.634375 0.6229166671875 0.6890625 0.5416666671875 0.953125 0.24375 0.7609375 0.4166666671875 0.6734375 0.5291666671875 0.6109375 0.6354166671875 0.6046875 0.65 0.61875 0.65 0.6234375 0.6291666671875 0.634375 0.6229166671875
0 0.659375 0.5229166671875001 0.6921875 0.43125 0.765625 0.1666666671875 0.7578125 0.1854166671875 0.6421875 0.53125 0.6109375 0.5979166671875 0.6125 0.6083333328125 0.659375 0.5229166671875001
0 0.615625 0.5416666671875 0.6109375 0.54375 0.5984375 0.5541666671875001 0.5984375 0.5875 0.6078125 0.5791666671875 0.615625 0.5416666671875
0 0.6234375 0.4875 0.6234375 0.4375 0.640625 0.4 0.6546875 0.3416666671875 0.70625 0.0645833328125 0.6359375 0.30625 0.6046875 0.45625 0.5984375 0.5416666671875 0.609375 0.5395833328124999 0.6109375 0.5145833328125 0.6234375 0.4875
0 0.5375 0.6229166671875 0.5484375 0.6229166671875 0.53125 0.5916666671875 0.4765625 0.5416666671875 0.2484375 0.36875 0.24375 0.36875 0.45625 0.55625 0.50625 0.5895833328125 0.5375 0.6229166671875
0 0.5265625 0.60625 0.5390625 0.6270833328125 0.55 0.6229166671875 0.5421875 0.6083333328125 0.4671875 0.5458333328125 0.375 0.4875 0.23125 0.3645833328125 0.178125 0.3270833328125 0.2421875 0.39375 0.315625 0.45625 0.5265625 0.60625
0 0.53125 0.48541666718750004 0.55625 0.6145833328125 0.5671875 0.6395833328125 0.5703125 0.6270833328125 0.521875 0.3729166671875 0.515625 0.3645833328125 0.525 0.39375 0.521875 0.4145833328125 0.53125 0.48541666718750004
0 0.5296875 0.3291666671875 0.5140625 0.25625 0.4734375 0.1291666671875 0.503125 0.275 0.5046875 0.3229166671875 0.528125 0.3604166671875 0.5296875 0.3291666671875
0 0.5453125 0.4 0.5671875 0.47291666718750003 0.5671875 0.43333333281249997 0.534375 0.23958333281250002 0.521875 0.12291666718750001 0.5140625 0.125 0.5140625 0.14375 0.5265625 0.2854166671875 0.5453125 0.4
0 0.5734375 0.50625 0.5390625 0.375 0.525 0.3479166671875 0.5171875 0.3479166671875 0.5703125 0.5875 0.5796875 0.6020833328124999 0.58125 0.55625 0.5734375 0.50625