0 0.70625 0.7270833328124999 0.9328125 0.825 0.671875 0.6729166671875 0.5140625 0.6020833328124999 0.5140625 0.6145833328125 0.521875 0.6229166671875 0.6390625 0.6833333328125 0.70625 0.7270833328124999
0 0.8890625 0.47291666718750003 0.740625 0.5020833328125 0.5171875 0.56875 0.5171875 0.5833333328125 0.53125 0.58125 0.8453125 0.49375 0.8890625 0.47291666718750003
0 0.6625 0.4166666671875 0.59375 0.4770833328125 0.5296875 0.5479166671875 0.5171875 0.5666666671875 0.86875 0.2645833328125 0.790625 0.3125 0.6625 0.4166666671875
0 0.453125 0.6083333328125 0.4609375 0.6229166671875 0.4265625 0.6875 0.33125 0.9395833328125001 0.3296875 0.95 0.425 0.7479166671875 0.4875 0.59375 0.453125 0.6083333328125
0 0.3015625 0.7166666671875 0.3640625 0.6833333328125 0.459375 0.6145833328125 0.4390625 0.6125 0.1671875 0.7645833328125 0.109375 0.775 0.16875 0.7791666671875 0.3015625 0.7166666671875
0 0.46875 0.5729166671875 0.428125 0.55625 0.40625 0.5645833328125 0.2265625 0.5416666671875 0.053125 0.5375 0.0453125 0.5395833328124999 0.325 0.5791666671875 0.48125 0.5875 0.46875 0.5729166671875
0 0.29375 0.5166666671875 0.046875 0.46666666718750005 0.296875 0.5458333328125 0.4421875 0.5645833328125 0.409375 0.5479166671875 0.29375 0.5166666671875
0 0.4453125 0.55 0.4703125 0.5583333328125 0.278125 0.36666666718749996 0.271875 0.36666666718749996 0.2796875 0.38125 0.39375 0.5041666671875 0.4453125 0.55
0 0.4140625 0.4458333328125 0.3546875 0.3604166671875 0.16875 0.13333333281249998 0.43125 0.5083333328124999 0.4453125 0.525 0.4578125 0.525 0.4140625 0.4458333328125
0 0.4390625 0.45 0.459375 0.5083333328124999 0.4796875 0.5333333328125 0.434375 0.3416666671875 0.3546875 0.08541666718749999 0.3515625 0.0791666671875 0.3921875 0.2666666671875 0.4296875 0.3895833328125 0.4390625 0.45
0 0.5953125 0.054166667187499996 0.5484375 0.1854166671875 0.5078125 0.3479166671875 0.490625 0.45 0.4890625 0.5333333328125 0.4953125 0.5395833328124999 0.5046875 0.43125 0.5953125 0.054166667187499996
0 0.559375 0.3083333328125 0.5453125 0.36875 0.546875 0.3875 0.60625 0.22916666718749998 0.6640625 0.0395833328125 0.559375 0.3083333328125
0 0.521875 0.46666666718750005 0.5453125 0.3916666671875 0.54375 0.3645833328125 0.5640625 0.2479166671875 0.5734375 0.1520833328125 0.5046875 0.5 0.5046875 0.5270833328125 0.5125 0.5208333328125 0.5234375 0.48333333281249996 0.521875 0.46666666718750005
0 0.515625 0.5020833328125 0.5171875 0.5166666671875 0.546875 0.45416666718750004 0.575 0.3625 0.515625 0.5020833328125