0 0.615625 0.85 0.709375 0.8041666671875 0.7671875 0.7625 0.78125 0.7604166671875 0.79375 0.74375 0.771875 0.7208333328125 0.7203125 0.7208333328125 0.6953125 0.7270833328124999 0.6921875 0.7354166671875 0.6625 0.7333333328125 0.5453125 0.7666666671875 0.45625 0.8020833328125001 0.2203125 0.9166666671874999 0.0953125 0.9583333328125001 0.0828125 0.9729166671874999 0.209375 0.95625 0.5140625 0.8875 0.615625 0.85
0 0.1734375 0.5458333328125 0.18125 0.5479166671875 0.253125 0.5020833328125 0.2890625 0.5166666671875 0.29375 0.5104166671875 0.2453125 0.4770833328125 0.1859375 0.47083333281249995 0.0015625 0.5208333328125 0 0.6354166671875 0.0046875 0.6354166671875 0.128125 0.5833333328125 0.1734375 0.5458333328125
0 0.403125 0.275 0.4171875 0.2791666671875 0.41875 0.2958333328125 0.471875 0.3375 0.5921875 0.47291666718750003 0.665625 0.5354166671875 0.690625 0.5729166671875 0.74375 0.6145833328125 0.7625 0.6208333328125 0.7609375 0.6041666671875 0.7484375 0.59375 0.746875 0.5833333328125 0.653125 0.47083333281249995 0.6046875 0.39375 0.54375 0.3583333328125 0.446875 0.2375 0.296875 0.07083333281250001 0.2390625 0.010416667187500001 0.209375 0.0041666671875 0.1984375 0.014583332812499999 0.2234375 0.05 0.3828125 0.2375 0.403125 0.275
0 0.953125 0 0.946875 0.0208333328125 0.909375 0.1916666671875 0.8828125 0.38125 0.846875 0.5479166671875 0.84375 0.5729166671875 0.853125 0.5833333328125 0.8859375 0.49583333281249997 0.9046875 0.4 0.928125 0.33125 0.9828125 0 0.953125 0
0 0.8875 0 0.8140625 0.05208333281250001 0.7515625 0.07291666718749999 0.746875 0.08333333281250001 0.7578125 0.1 0.6375 0.19583333281249998 0.634375 0.20416666718749998 0.6453125 0.2166666671875 0.671875 0.2 0.6875 0.17916666718750002 0.7 0.1729166671875 0.7125 0.17916666718750002 0.80625 0.1291666671875 0.8140625 0.12291666718750001 0.796875 0.0979166671875 0.8015625 0.0916666671875 0.859375 0.0479166671875 0.928125 0.014583332812499999 0.915625 0.00625 0.9171875 0 0.8875 0
0 0.68125 0.1520833328125 0.6953125 0.14791666718750002 0.69375 0.125 0.6609375 0.01875 0.640625 0.0354166671875 0.6375 0.0666666671875 0.6640625 0.1583333328125 0.675 0.16458333281249998 0.68125 0.1520833328125
0 0.753125 0.4791666671875 0.7578125 0.51875 0.7890625 0.5625 0.7375 0.2833333328125 0.709375 0.1833333328125 0.7046875 0.175 0.6921875 0.175 0.6765625 0.19375 0.6859375 0.2604166671875 0.7234375 0.3791666671875 0.74375 0.46875 0.753125 0.4791666671875
0 0.7765625 0.6041666671875 0.7890625 0.6083333328125 0.7734375 0.53125 0.765625 0.5270833328125 0.7546875 0.4875 0.64375 0.21875 0.5859375 0.1 0.5765625 0.0875 0.5671875 0.09375 0.5671875 0.1125 0.6671875 0.3645833328125 0.775 0.5770833328125 0.7765625 0.6041666671875
0 0.9984375 0.3729166671875 0.9828125 0.3895833328125 0.9765625 0.4166666671875 0.965625 0.4270833328125 0.975 0.45208333281249996 0.940625 0.5041666671875 0.89375 0.6104166671875 0.890625 0.6229166671875 0.8984375 0.6229166671875 0.9984375 0.4791666671875 0.9984375 0.3729166671875
0 0.8796875 0.6354166671875 0.8859375 0.6333333328124999 0.93125 0.5104166671875 0.9296875 0.4916666671875 0.9984375 0.28958333281250004 0.9984375 0.1916666671875 0.959375 0.32083333281250004 0.846875 0.6083333328125 0.8265625 0.6770833328125 0.8265625 0.7041666671875 0.834375 0.7125 0.8546875 0.69375 0.8796875 0.6354166671875
0 0.2203125 0.4270833328125 0.125 0.275 0.0015625 0.11875 0 0.1854166671875 0.18125 0.40208333281249997 0.20625 0.425 0.2203125 0.4270833328125
0 0 0.3479166671875 0.159375 0.4145833328125 0.2046875 0.4479166671875 0.2203125 0.43958333281249995 0.2203125 0.43125 0.203125 0.43125 0.165625 0.3958333328125 0.0046875 0.3145833328125 0 0.3145833328125 0 0.3479166671875
0 0 0.41875 0.1734375 0.4604166671875 0.1921875 0.45625 0.209375 0.4625 0.1625 0.4375 0.0046875 0.3854166671875 0 0.3854166671875 0 0.41875
0 0 0.48125 0.1046875 0.4875 0.125 0.4791666671875 0.03125 0.4625 0 0.4625 0 0.48125
0 0.2609375 0.43125 0.221875 0.275 0.19375 0.225 0.1953125 0.2604166671875 0.2296875 0.3916666671875 0.246875 0.43541666718750005 0.2609375 0.43125
0 0.265625 0.01875 0.2640625 0.0354166671875 0.296875 0.06875 0.290625 0.0416666671875 0.265625 0.01875
0 0.2921875 0.38333333281250004 0.3 0.39375 0.296875 0.4270833328125 0.303125 0.43125 0.3140625 0.39375 0.303125 0.1604166671875 0.3 0.14791666718750002 0.26875 0.1125 0.26875 0.1416666671875 0.2921875 0.2604166671875 0.2796875 0.2854166671875 0.2921875 0.38333333281250004
0 0.3953125 0.33541666718749996 0.425 0.2916666671875 0.41875 0.275 0.434375 0.2541666671875 0.4296875 0.2375 0.4171875 0.2375 0.3765625 0.30416666718749996 0.334375 0.40208333281249997 0.309375 0.49791666718750005 0.3078125 0.5125 0.325 0.525 0.3578125 0.4166666671875 0.3953125 0.33541666718749996
0 0.553125 0.10625 0.6203125 0.0020833328125000002 0.553125 0 0.428125 0.19583333281249998 0.428125 0.2166666671875 0.4625 0.2520833328125 0.55 0.13125 0.553125 0.10625
0 0.26875 0 0.26875 0.010416667187500001 0.2859375 0.0333333328125 0.3984375 0.16458333281249998 0.434375 0.21458333281250003 0.434375 0.22291666718749997 0.46875 0.2541666671875 0.4984375 0.2958333328125 0.559375 0.425 0.5671875 0.425 0.5671875 0.4145833328125 0.59375 0.425 0.596875 0.4145833328125 0.6078125 0.4145833328125 0.6109375 0.4270833328125 0.6234375 0.4291666671875 0.609375 0.40208333281249997 0.596875 0.4 0.59375 0.375 0.5703125 0.34375 0.5625 0.3458333328125 0.5546875 0.32083333281250004 0.49375 0.2375 0.515625 0.1666666671875 0.5015625 0.15 0.4859375 0.1520833328125 0.484375 0.16458333281249998 0.434375 0.1666666671875 0.3109375 0.014583332812499999 0.2953125 0 0.26875 0
0 0.259375 0.25 0.2625 0.2125 0.246875 0.0875 0.2265625 0.05625 0.2203125 0.05625 0.2296875 0.15 0.2390625 0.2 0.259375 0.25
0 0.61875 0.2270833328125 0.60625 0.21875 0.5296875 0.2708333328125 0.528125 0.2791666671875 0.540625 0.2854166671875 0.59375 0.2541666671875 0.61875 0.2270833328125
0 0.1390625 0 0.146875 0.0354166671875 0.2578125 0.375 0.26875 0.4270833328125 0.2796875 0.44375 0.2890625 0.44375 0.2796875 0.35208333281250004 0.265625 0.3333333328125 0.259375 0.2979166671875 0.25 0.2854166671875 0.2578125 0.2604166671875 0.2359375 0.23541666718749998 0.221875 0.1875 0.2296875 0.1770833328125 0.2078125 0.15 0.1640625 0 0.1390625 0
0 0.45 0.3270833328125 0.434375 0.3416666671875 0.434375 0.3625 0.4109375 0.3854166671875 0.4046875 0.38333333281250004 0.403125 0.40208333281249997 0.3640625 0.4583333328125 0.3640625 0.47083333281249995 0.3796875 0.4625 0.4671875 0.3416666671875 0.45 0.3270833328125
0 0.309375 0.43125 0.3078125 0.4479166671875 0.3140625 0.45625 0.31875 0.43125 0.309375 0.43125
0 0.44375 0 0.43125 0.0166666671875 0.4015625 0.1041666671875 0.4 0.12291666718750001 0.4109375 0.13333333281249998 0.4578125 0 0.44375 0
0 0.36875 0.2270833328125 0.3484375 0.2708333328125 0.31875 0.38333333281250004 0.3140625 0.4145833328125 0.321875 0.41875 0.3765625 0.2416666671875 0.36875 0.2270833328125
0 0.40625 0 0.4234375 0.025 0.4359375 0 0.40625 0
0 0.525 0.175 0.515625 0.17916666718750002 0.58125 0.2208333328125 0.5828125 0.2104166671875 0.565625 0.19375 0.525 0.175
0 0.58125 0.20833333281250002 0.571875 0.20833333281250002 0.5390625 0.1520833328125 0.5328125 0.1604166671875 0.5359375 0.1916666671875 0.5796875 0.2208333328125 0.58125 0.20833333281250002
0 0.38125 0.08125 0.375 0.0916666671875 0.38125 0.0979166671875 0.4015625 0.10625 0.4015625 0.09375 0.359375 0.0645833328125 0.353125 0.0645833328125 0.3625 0.0770833328125 0.3671875 0.07083333281250001 0.38125 0.08125
0 0.4765625 0.05 0.4546875 0.0229166671875 0.446875 0.0354166671875 0.446875 0.05208333281250001 0.4875 0.0979166671875 0.4953125 0.0791666671875 0.4765625 0.05
0 0.4421875 0.1208333328125 0.4203125 0.1125 0.4203125 0.12291666718750001 0.45 0.14375 0.4609375 0.1395833328125 0.4421875 0.1208333328125
0 0.871875 0.7625 0.9546875 0.78125 0.9984375 0.80625 0.9984375 0.7645833328125 0.9734375 0.75625 0.86875 0.74375 0.821875 0.75625 0.8203125 0.76875 0.834375 0.775 0.8421875 0.7666666671875 0.871875 0.7625
0 0.9984375 0.7645833328125 0.9984375 0.74375 0.9359375 0.7166666671875 0.871875 0.7166666671875 0.8375 0.7354166671875 0.834375 0.7458333328125 0.875 0.7354166671875 0.9140625 0.7375 0.9984375 0.7645833328125