0 0.553125 0.41041666718750003 0.4875 0.3729166671875 0.4875 0.3854166671875 0.575 0.46458333281249997 0.778125 0.6166666671875001 0.553125 0.41041666718750003
0 0.609375 0.7708333328125 0.61875 0.7791666671875 0.621875 0.7708333328125 0.53125 0.4875 0.496875 0.40416666718750005 0.4875 0.3958333328125 0.4890625 0.41875 0.5109375 0.47291666718750003 0.55625 0.64375 0.609375 0.7708333328125
0 0.465625 0.4145833328125 0.4453125 0.70625 0.4453125 0.81875 0.4765625 0.5625 0.4765625 0.3895833328125 0.465625 0.4145833328125
0 0.4171875 0.48125 0.3484375 0.6375 0.240625 0.9229166671875 0.2359375 0.9416666671874999 0.3875 0.6104166671875 0.4375 0.4604166671875 0.4171875 0.48125
0 0.465625 0.3854166671875 0.4484375 0.39791666718749996 0.390625 0.50625 0.3859375 0.51875 0.4453125 0.4458333328125 0.46875 0.39791666718749996 0.465625 0.3854166671875
0 0.4421875 0.38333333281250004 0.3828125 0.40625 0.30625 0.45208333281249996 0.1203125 0.5875 0.1046875 0.6020833328124999 0.3953125 0.43125 0.4359375 0.40208333281249997 0.4421875 0.38333333281250004
0 0.4578125 0.3645833328125 0.45625 0.3479166671875 0.4359375 0.3541666671875 0.3265625 0.3270833328125 0.1203125 0.3 0.2921875 0.35208333281250004 0.3890625 0.36875 0.4484375 0.3708333328125 0.4578125 0.3645833328125
0 0.1921875 0 0.1921875 0.0083333328125 0.221875 0.0666666671875 0.3375 0.24375 0.4265625 0.34375 0.440625 0.3479166671875 0.1984375 0 0.1921875 0
0 0.584375 0 0.5796875 0.010416667187500001 0.503125 0.27291666718749996 0.5046875 0.29375 0.56875 0.11875 0.6015625 0 0.584375 0
0 0.503125 0.3583333328125 0.5328125 0.3270833328125 0.6671875 0.1666666671875 0.7796875 0 0.621875 0.18125 0.5109375 0.3333333328125 0.490625 0.3479166671875 0.49375 0.3583333328125 0.503125 0.3583333328125
0 0.4875 0.05208333281250001 0.4859375 0.0041666671875 0.4703125 0 0.471875 0.3104166671875 0.478125 0.3166666671875 0.4890625 0.2166666671875 0.4875 0.05208333281250001
0 0.50625 0.24583333281250003 0.5109375 0.1270833328125 0.5046875 0.19375 0.4890625 0.25833333281250004 0.48125 0.325 0.4859375 0.3416666671875 0.4984375 0.30625 0.50625 0.24583333281250003
0 0.465625 0.34375 0.4609375 0.31875 0.4328125 0.2541666671875 0.2859375 0 0.2703125 0.0020833328125000002 0.365625 0.20208333281250002 0.44375 0.33125 0.465625 0.34375