0 0.334375 0.5958333328125 0.053125 0.8625 0.05 0.8729166671874999 0.4 0.5708333328124999 0.3765625 0.5708333328124999 0.334375 0.5958333328125
0 0.5015625 0.6291666671875 0.459375 0.5729166671875 0.4453125 0.56875 0.4421875 0.5729166671875 0.453125 0.6 0.4953125 0.6520833328125 0.5234375 0.7020833328125 0.5346998765625 0.7077145203125 0.5015625 0.6291666671875
0 0.1578125 0.2645833328125 0.40625 0.5333333328125 0.4015625 0.5166666671875 0.35625 0.4583333328125 0.1578125 0.2645833328125
0 0.3859375 0.5083333328124999 0.4046875 0.5395833328124999 0.4125 0.5395833328124999 0.3421875 0.3375 0.2953125 0.225 0.271875 0.1291666671875 0.2765625 0.20416666718749998 0.34375 0.3958333328125 0.390625 0.49375 0.3859375 0.5083333328124999
0 0.4625 0.18125 0.459375 0.1625 0.4421875 0.2770833328125 0.43125 0.40625 0.4296875 0.5 0.4328125 0.525 0.440625 0.5333333328125 0.4625 0.18125
0 0.428125 0.49375 0.415625 0.2979166671875 0.39375 0.0895833328125 0.4015625 0.3958333328125 0.4203125 0.5520833328125 0.425 0.5541666671875001 0.428125 0.49375
0 0.515625 0.3291666671875 0.6265625 0.0791666671875 0.5734375 0.1708333328125 0.50625 0.3145833328125 0.4734375 0.41041666718750003 0.4546875 0.4875 0.4578125 0.5020833328125 0.4578125 0.4875 0.465625 0.48333333281249996 0.515625 0.3291666671875
0 0.459375 0.42083333281249996 0.4484375 0.5020833328125 0.509375 0.3020833328125 0.525 0.2270833328125 0.459375 0.42083333281249996
0 0.5203125 0.425 0.678125 0.17916666718750002 0.5984375 0.2854166671875 0.4875 0.45625 0.4578125 0.5083333328124999 0.4609375 0.5125 0.51875 0.45208333281249996 0.5203125 0.425
0 0.5171875 0.4375 0.484375 0.4875 0.5515625 0.42083333281249996 0.6359375 0.3166666671875 0.5171875 0.4375
0 0.6671875 0.45208333281249996 0.8171875 0.41041666718750003 0.6453125 0.4479166671875 0.51875 0.49791666718750005 0.4671875 0.5375 0.46875 0.5479166671875 0.471875 0.5395833328124999 0.5484375 0.49583333281249997 0.6671875 0.45208333281249996
0 0.675 0.47291666718750003 0.534375 0.5020833328125 0.484375 0.5229166671875001 0.490625 0.5270833328125 0.6125 0.49583333281249997 0.8203125 0.4625 0.675 0.47291666718750003