0 0.60625 0.6958333328124999 0.5828125 0.6833333328125 0.553125 0.6875 0.4859375 0.7375 0.403125 0.8229166671874999 0.2859375 0.9875 0.28125 0.9979166671874999 0.359375 0.99375 0.546875 0.75625 0.60625 0.6958333328124999
0 0.5765625 0.7833333328125 0.5828125 0.775 0.58125 0.7645833328125 0.559375 0.75625 0.534375 0.76875 0.4484375 0.8770833328125001 0.4390625 0.9041666671874999 0.434375 0.9020833328125001 0.4234375 0.9208333328125 0.4171875 0.9416666671874999 0.49375 0.85 0.5703125 0.78125 0.5765625 0.7833333328125
0 0.9984375 0.7416666671875001 0.9984375 0.7125 0.946875 0.6979166671875 0.8140625 0.68125 0.690625 0.68125 0.6875 0.6854166671875 0.69375 0.6916666671875 0.7546875 0.7125 0.9984375 0.7416666671875001
0 0.984375 0.5791666671875 0.9984375 0.56875 0.9984375 0.5541666671875001 0.9125 0.5708333328124999 0.825 0.6 0.79375 0.6145833328125 0.775 0.6333333328124999 0.753125 0.6395833328125 0.7171875 0.6729166671875 0.71875 0.6791666671875001 0.7328125 0.675 0.8328125 0.61875 0.984375 0.5791666671875
0 0.753125 0.5854166671875001 0.7640625 0.5854166671875001 0.80625 0.5520833328125 0.9984375 0.3708333328125 0.9984375 0.3479166671875 0.771875 0.5375 0.6828125 0.65 0.68125 0.6645833328124999 0.6921875 0.66875 0.75 0.5979166671875 0.753125 0.5854166671875001
0 0.75 0.48125 0.8 0.4 0.8421875 0.30416666718749996 0.721875 0.5041666671875 0.653125 0.6375 0.665625 0.6375 0.7046875 0.575 0.75 0.48125
0 0.7140625 0.39791666718749996 0.7453125 0.2 0.7421875 0.18125 0.734375 0.175 0.728125 0.23541666718749998 0.7203125 0.2416666671875 0.7203125 0.26875 0.66875 0.4604166671875 0.665625 0.49791666718750005 0.640625 0.6 0.6390625 0.6333333328124999 0.65 0.6375 0.659375 0.61875 0.7140625 0.39791666718749996
0 0.446875 0.53125 0.4796875 0.5583333328125 0.5765625 0.675 0.56875 0.6645833328124999 0.5671875 0.6458333328125 0.5390625 0.5979166671875 0.49375 0.5416666671875 0.440625 0.49375 0.25625 0.3770833328125 0.06875 0.3020833328125 0.0625 0.30416666718749996 0.2265625 0.3875 0.290625 0.43541666718750005 0.446875 0.53125
0 0.2734375 0 0.275 0.0083333328125 0.3296875 0.13125 0.415625 0.2958333328125 0.4203125 0.3166666671875 0.4515625 0.3604166671875 0.525 0.49791666718750005 0.5390625 0.5104166671875 0.528125 0.4895833328125 0.5359375 0.4625 0.515625 0.45208333281249996 0.4953125 0.3791666671875 0.4625 0.3 0.3765625 0.14791666718750002 0.2828125 0 0.2734375 0
0 0.590625 0.6083333328125 0.609375 0.6479166671875001 0.6078125 0.6083333328125 0.578125 0.44375 0.528125 0.23958333281250002 0.4875 0.12291666718750001 0.5140625 0.23958333281250002 0.528125 0.3416666671875 0.5578125 0.45 0.590625 0.6083333328125
0 0.5953125 0.3166666671875 0.596875 0.4 0.621875 0.6604166671875 0.6203125 0.53125 0.5953125 0.3166666671875
0 0.634375 0.38125 0.63125 0.40416666718750005 0.628125 0.6541666671875 0.6359375 0.675 0.6390625 0.5166666671875 0.634375 0.38125
0 0.584375 0.6520833328125 0.5953125 0.6604166671875 0.5984375 0.6791666671875001 0.615625 0.6875 0.61875 0.6791666671875001 0.6078125 0.6541666671875 0.609375 0.6395833328125 0.5921875 0.6229166671875 0.559375 0.5145833328125 0.4484375 0.2208333328125 0.4453125 0.2166666671875 0.4453125 0.23125 0.4828125 0.3604166671875 0.584375 0.6520833328125