0 0.45 0.7604166671875 0.4734375 0.60625 0.4765625 0.5270833328125 0.465625 0.5104166671875 0.4484375 0.5145833328125 0.4328125 0.5916666671875 0.425 0.7104166671875001 0.3921875 0.9166666671874999 0.3828125 0.9979166671874999 0.4015625 0.9979166671874999 0.4046875 0.9916666671875 0.45 0.7604166671875
0 0.671875 0.6125 0.8765625 0.66875 0.9375 0.6770833328125 0.75 0.6104166671875 0.6328125 0.55625 0.5296875 0.49583333281249997 0.4875 0.4916666671875 0.4875 0.5 0.5078125 0.5020833328125 0.5484375 0.525 0.671875 0.6125
0 0.865625 0.5270833328125 0.7640625 0.49375 0.621875 0.4604166671875 0.5015625 0.45208333281249996 0.4734375 0.4625 0.471875 0.47291666718750003 0.50625 0.46458333281249997 0.5734375 0.47083333281249995 0.865625 0.5270833328125
0 0.4265625 0.4479166671875 0.3734375 0.43333333281249997 0.2734375 0.4291666671875 0.1640625 0.4125 0.1765625 0.42291666718750004 0.2375 0.44166666718750003 0.43125 0.4625 0.4265625 0.4479166671875
0 0 0.5208333328125 0.1578125 0.5208333328125 0.31875 0.5 0.3890625 0.4791666671875 0.4140625 0.48333333281249996 0.4015625 0.47291666718750003 0.35625 0.46666666718750005 0.19375 0.5020833328125 0.0171875 0.5104166671875 0 0.5125 0 0.5208333328125
0 0.971875 0.275 0.9984375 0.275 0.9984375 0.2645833328125 0.8828125 0.2854166671875 0.7015625 0.3333333328125 0.5875 0.3875 0.5359375 0.425 0.5296875 0.44166666718750003 0.5921875 0.40416666718750005 0.6734375 0.36875 0.971875 0.275
0 0.8390625 0.1520833328125 0.696875 0.24375 0.546875 0.3645833328125 0.4890625 0.425 0.4875 0.44375 0.5484375 0.38333333281250004 0.921875 0.11041666718750001 0.8390625 0.1520833328125
0 0.5984375 0.0333333328125 0.4640625 0.3770833328125 0.459375 0.3958333328125 0.46875 0.4 0.5375 0.2375 0.5984375 0.0333333328125
0 0.471875 0 0.459375 0.14375 0.45625 0.30625 0.4625 0.3729166671875 0.490625 0.125 0.490625 0 0.471875 0
0 0 0.10833333281249999 0.0921875 0.175 0.2515625 0.3104166671875 0.359375 0.4270833328125 0.3578125 0.4125 0.309375 0.3479166671875 0.2546875 0.28958333281250004 0.0046875 0.08125 0 0.0791666671875 0 0.10833333281249999
0 0.396875 0.3875 0.4 0.375 0.3328125 0.225 0.2203125 0 0.2 0.0020833328125000002 0.2234375 0.060416667187499995 0.309375 0.24583333281250003 0.396875 0.3875
0 0.3828125 0.34375 0.39375 0.36875 0.403125 0.3708333328125 0.3734375 0.2604166671875 0.3421875 0.1833333328125 0.3203125 0.0916666671875 0.2921875 0.0229166671875 0.2765625 0 0.2546875 0.0020833328125000002 0.3265625 0.2 0.36875 0.2916666671875 0.3828125 0.34375
0 0.4390625 0.4291666671875 0.4359375 0.40416666718750005 0.428125 0.39791666718749996 0.428125 0.375 0.3875 0.2604166671875 0.2890625 0.01875 0.2859375 0.014583332812499999 0.2875 0.029166667187500002 0.3375 0.1708333328125 0.4390625 0.4291666671875
0 0.415625 0 0.415625 0.00625 0.425 0.15 0.4359375 0.1979166671875 0.434375 0.21875 0.4484375 0.25 0.446875 0.1166666671875 0.4328125 0 0.415625 0