0 0.496875 0.56875 0.4953125 0.54375 0.4890625 0.5375 0.4828125 0.5479166671875 0.434375 0.9708333328125001 0.4328125 0.9979166671874999 0.4421875 0.9979166671874999 0.490625 0.7 0.496875 0.56875
0 0.475 0.54375 0.4671875 0.5166666671875 0.4546875 0.5291666671875 0.4546875 0.5729166671875 0.3921875 0.775 0.3515625 0.9833333328125 0.35 0.9979166671874999 0.35625 0.9979166671874999 0.45 0.6625 0.475 0.54375
0 0.6921875 0.7229166671875 0.6015625 0.6020833328124999 0.534375 0.5354166671875 0.49375 0.5083333328124999 0.4921875 0.5208333328125 0.5484375 0.5895833328125 0.6 0.6291666671875 0.6921875 0.7229166671875
0 0.884375 0.5020833328125 0.64375 0.475 0.584375 0.475 0.5 0.5 0.49375 0.5083333328124999 0.5046875 0.5125 0.5578125 0.5041666671875 0.884375 0.5020833328125
0 0.621875 0.45208333281249996 0.79375 0.39375 0.9671875 0.3104166671875 0.675 0.40625 0.5421875 0.475 0.5359375 0.4875 0.5265625 0.4875 0.5265625 0.49583333281249997 0.621875 0.45208333281249996
0 0.5375 0.42083333281249996 0.5359375 0.43958333281249995 0.634375 0.30625 0.5625 0.38125 0.5375 0.42083333281249996
0 0.5916671874999999 0.34444375 0.7859375 0.054166667187499996 0.590625 0.30625 0.503125 0.4479166671875 0.4890625 0.48333333281249996 0.5125 0.46875 0.584375 0.375 0.5916671874999999 0.34444375
0 0.4984375 0.4145833328125 0.4859375 0.43125 0.4859375 0.45208333281249996 0.4921875 0.45625 0.5 0.43125 0.4984375 0.4145833328125
0 0.621875 0.00625 0.5984375 0.0645833328125 0.5078125 0.3541666671875 0.496875 0.40833333281249995 0.5078125 0.4 0.5828125 0.1854166671875 0.621875 0.00625
0 0.4703125 0.46666666718750005 0.4765625 0.4583333328125 0.471875 0.3104166671875 0.440625 0 0.4375 0.0416666671875 0.4515625 0.3291666671875 0.459375 0.42083333281249996 0.4703125 0.46666666718750005
0 0.4609375 0.48125 0.440625 0.4625 0.3578125 0.43958333281249995 0.0734375 0.41041666718750003 0.090625 0.42083333281249996 0.440625 0.4916666671875 0.459375 0.4895833328125 0.4609375 0.48125
0 0.4375 0.49583333281249997 0.3625 0.49791666718750005 0.25 0.5145833328125 0.11875 0.5541666671875001 0.0875 0.55625 0.04375 0.575 0.0390625 0.5791666671875 0.4546875 0.5104166671875 0.459375 0.5041666671875 0.4375 0.49583333281249997
0 0.4421875 0.5354166671875 0.446875 0.525 0.4109375 0.5291666671875 0.3484375 0.5708333328124999 0.2234375 0.6833333328125 0.075 0.85 0.0875 0.8479166671874999 0.2171875 0.7166666671875 0.371875 0.58125 0.4421875 0.5354166671875
0 0.4265625 0.6 0.4 0.7145833328125 0.4046875 0.7291666671875 0.39375 0.74375 0.3921875 0.775 0.459375 0.5541666671875001 0.459375 0.5208333328125 0.4265625 0.6