0 0.725 0.48333333281249996 0.8375 0.4916666671875 0.7375 0.475 0.634375 0.48125 0.534375 0.5229166671875001 0.4953125 0.5520833328125 0.46875 0.5833333328125 0.465625 0.59375 0.5640625 0.51875 0.640625 0.4916666671875 0.725 0.48333333281249996
0 0.459375 0.68125 0.4625 0.6916666671875 0.50625 0.6458333328125 0.4921875 0.65 0.459375 0.68125
0 0.8515625 0.7395833328125 0.7828125 0.6875 0.6984375 0.6416666671875 0.65 0.625 0.55625 0.6270833328125 0.7453125 0.6833333328125 0.875 0.775 0.8859375 0.775 0.8515625 0.7395833328125
0 0.515625 0.64375 0.621875 0.69375 0.6734375 0.7020833328125 0.7375 0.7270833328124999 0.7421875 0.7229166671875 0.471875 0.5979166671875 0.446875 0.6083333328125 0.4265625 0.65 0.428125 0.6666666671875 0.4546875 0.625 0.4734375 0.6125 0.515625 0.64375
0 0.3859375 0.6375 0.3859375 0.6104166671875 0.3609375 0.48333333281249996 0.3125 0.3166666671875 0.303125 0.2916666671875 0.33125 0.46666666718750005 0.375 0.61875 0.3859375 0.6375
0 0.3234375 0.5395833328124999 0.140625 0.33541666718749996 0.24375 0.48333333281249996 0.3515625 0.61875 0.371875 0.6208333328125 0.3234375 0.5395833328124999
0 0.3453125 0.575 0.3375 0.56875 0.3390625 0.5833333328125 0.3328125 0.5875 0.3421875 0.59375 0.3453125 0.575
0 0.325 0.55625 0.334375 0.5604166671875 0.2609375 0.4375 0.1578125 0.3145833328125 0.153125 0.3104166671875 0.1640625 0.3333333328125 0.2609375 0.45416666718750004 0.325 0.55625
0 0.2546875 0.5833333328125 0.2796875 0.5895833328125 0.359375 0.6395833328125 0.375 0.6541666671875 0.3765625 0.6645833328124999 0.3859375 0.6645833328124999 0.3859375 0.6520833328125 0.3484375 0.6166666671875001 0.178125 0.5020833328125 0.0296875 0.4166666671875 0.028125 0.42291666718750004 0.040625 0.43541666718750005 0.165625 0.5145833328125 0.2546875 0.5833333328125
0 0.246875 0.6041666671875 0.2890625 0.6208333328125 0.171875 0.51875 0.0046875 0.41875 0 0.4270833328125 0.190625 0.5666666671875 0.2375 0.5916666671875 0.246875 0.6041666671875
0 0.1703125 0.5958333328125 0.3015625 0.6395833328125 0.3078125 0.65 0.33125 0.6604166671875 0.265625 0.6083333328125 0.146875 0.5645833328125 0.0015625 0.4895833328125 0 0.5104166671875 0.028125 0.5291666671875 0.146875 0.5770833328125 0.1703125 0.5958333328125
0 0.415625 0.5520833328125 0.4203125 0.4458333328125 0.4171875 0.3541666671875 0.4125 0.3645833328125 0.4 0.53125 0.4015625 0.6 0.40625 0.6041666671875 0.415625 0.5520833328125
0 0.403125 0.47083333281249995 0.39375 0.375 0.390625 0.6229166671875 0.39375 0.6541666671875 0.4046875 0.6708333328125 0.403125 0.47083333281249995
0 0.55 0.3479166671875 0.5890625 0.2416666671875 0.5109375 0.3895833328125 0.4578125 0.50625 0.4484375 0.5375 0.4859375 0.475 0.5234375 0.3875 0.55 0.3479166671875
0 0.5671875 0.30625 0.5578125 0.3083333328125 0.5421875 0.3416666671875 0.5234375 0.40208333281249997 0.434375 0.6208333328125 0.484375 0.5270833328125 0.5671875 0.30625
0 0.49375 0.13125 0.45625 0.325 0.4453125 0.35625 0.425 0.5041666671875 0.4171875 0.64375 0.428125 0.6333333328124999 0.4703125 0.41041666718750003 0.49375 0.13125