0 0.428125 0.6625 0.4828125 0.5625 0.4921875 0.53125 0.4828125 0.5354166671875 0.421875 0.6333333328124999 0.33125 0.80625 0.30625 0.8583333328125 0.309375 0.875 0.4078125 0.7145833328125 0.428125 0.6625
0 0.5640625 0.6770833328125 0.5359375 0.5541666671875001 0.5265625 0.5291666671875 0.515625 0.5229166671875001 0.5125 0.5354166671875 0.5328125 0.6979166671875 0.5875 0.9791666671874999 0.5640625 0.6770833328125
0 0.6203125 0.9979166671874999 0.5625 0.66875 0.5796875 0.85 0.603125 0.9666666671874999 0.6140625 0.9958333328125001 0.6203125 0.9979166671874999
0 0.44375 0.5375 0.45 0.5291666671875 0.4203125 0.5270833328125 0.2984375 0.5645833328125 0.003125 0.7166666671875 0 0.7270833328124999 0.2109375 0.6395833328125 0.4109375 0.5458333328125 0.44375 0.5375
0 0.4703125 0.5 0.428125 0.49791666718750005 0.3515625 0.49791666718750005 0.2578125 0.5145833328125 0.2578125 0.5208333328125 0.346875 0.5125 0.4765625 0.5145833328125 0.4703125 0.5
0 0.3046875 0.43541666718750005 0.4015625 0.48333333281249996 0.4578125 0.49583333281249997 0.45625 0.4875 0.4046875 0.47083333281249995 0.4015625 0.4625 0.26875 0.375 0.0125 0.2166666671875 0.0046875 0.2166666671875 0.10625 0.28958333281250004 0.1921875 0.3625 0.3046875 0.43541666718750005
0 0.4296875 0.44166666718750003 0.4421875 0.44166666718750003 0.425 0.4166666671875 0.415625 0.4166666671875 0.415625 0.40625 0.390625 0.3729166671875 0.2203125 0.2104166671875 0.1640625 0.1666666671875 0.1546875 0.1666666671875 0.2640625 0.2708333328125 0.35 0.36666666718749996 0.4296875 0.44166666718750003
0 0.48125 0.46875 0.4859375 0.4479166671875 0.4296875 0.1729166671875 0.3875 0 0.375 0.0041666671875 0.4171875 0.2520833328125 0.4453125 0.3625 0.48125 0.46875
0 0.740625 0 0.6578125 0.1395833328125 0.5453125 0.36875 0.5375 0.40416666718750005 0.5859375 0.33125 0.7515625 0 0.740625 0
0 0.515625 0.40625 0.51875 0.24375 0.50625 0.36875 0.490625 0.45208333281249996 0.4890625 0.4895833328125 0.4953125 0.5041666671875 0.509375 0.45625 0.515625 0.40625
0 0.9015625 0.38125 0.8953125 0.375 0.8375 0.375 0.828125 0.3875 0.7609375 0.38333333281250004 0.678125 0.4 0.61875 0.42083333281249996 0.5390625 0.46666666718750005 0.540625 0.47291666718750003 0.553125 0.47291666718750003 0.6578125 0.43125 0.9015625 0.38125
0 0.6109375 0.45416666718750004 0.5140625 0.49791666718750005 0.5125 0.5083333328124999 0.5453125 0.5041666671875 0.715625 0.4270833328125 0.6109375 0.45416666718750004
0 0.9046875 0.55 0.8265625 0.50625 0.7375 0.48125 0.6421875 0.4791666671875 0.5828125 0.4875 0.534375 0.5041666671875 0.5359375 0.5104166671875 0.7140625 0.5041666671875 0.8375 0.5270833328125 0.9046875 0.55