0 0.5640625 0.7604166671875 0.5515625 0.6958333328124999 0.5453125 0.6895833328125 0.5265625 0.69375 0.5484375 0.9833333328125 0.55 0.99375 0.5671875 0.9979166671874999 0.5640625 0.7604166671875
0 0.4828125 0.71875 0.4515625 0.7166666671875 0.34375 0.7645833328125 0.3359375 0.7770833328125 0.2234375 0.8375 0.0828125 0.9354166671874999 0.0796875 0.9458333328125 0.3203125 0.8229166671874999 0.4796875 0.7270833328124999 0.4828125 0.71875
0 0.1265625 0.6354166671875 0.346875 0.66875 0.4796875 0.7125 0.4765625 0.6979166671875 0.3984375 0.6604166671875 0.321875 0.6354166671875 0.234375 0.61875 0.2125 0.6229166671875 0.1875 0.6104166671875 0.0125 0.5833333328125 0.003125 0.5916666671875 0.0265625 0.59375 0.0296875 0.60625 0.1265625 0.6354166671875
0 0.4125 0.6125 0.359375 0.5333333328125 0.3203125 0.49583333281249997 0.2515625 0.4 0.0703125 0.1895833328125 0.29375 0.5041666671875 0.459375 0.6895833328125 0.4796875 0.6916666671875 0.4125 0.6125
0 0.484375 0.6479166671875001 0.4734375 0.6375 0.4734375 0.6708333328125 0.4796875 0.6791666671875001 0.4921875 0.6791666671875001 0.484375 0.6479166671875001
0 0.3625 0.42083333281249996 0.4609375 0.6208333328125 0.4703125 0.6229166671875 0.4703125 0.6104166671875 0.425 0.49375 0.3375 0.3229166671875 0.26875 0.20833333281250002 0.2640625 0.20833333281250002 0.26875 0.22291666718749997 0.315625 0.3104166671875 0.3625 0.42083333281249996
0 0.365625 0.5229166671875001 0.30625 0.47083333281249995 0.296875 0.47291666718750003 0.4140625 0.5979166671875 0.43125 0.6020833328124999 0.365625 0.5229166671875001
0 0.5 0.56875 0.4984375 0.3270833328125 0.4796875 0.0333333328125 0.478125 0.0458333328125 0.471875 0.3770833328125 0.4765625 0.48541666718750004 0.49375 0.6229166671875 0.5 0.56875
0 0.51875 0.65 0.5546875 0.5041666671875 0.58125 0.3416666671875 0.584375 0.28125 0.5546875 0.43333333281249997 0.5140625 0.5979166671875 0.515625 0.6333333328124999 0.5078125 0.6708333328125 0.5125 0.6520833328125 0.51875 0.65
0 0.59375 0.5125 0.565625 0.56875 0.5453125 0.5916666671875 0.5421875 0.6020833328124999 0.5484375 0.6083333328125 0.634375 0.4916666671875 0.8203125 0.20833333281250002 0.8234225484375 0.1938197765625 0.7265625 0.3166666671875 0.59375 0.5125
0 0.5359375 0.6854166671875 0.56875 0.6541666671875 0.5390625 0.6666666671875 0.5359375 0.6854166671875
0 0.59375 0.625 0.590625 0.64375 0.621875 0.6333333328124999 0.6265625 0.6104166671875 0.778125 0.46875 0.78675 0.4495833328125 0.70625 0.5166666671875 0.59375 0.625
0 0.8640625 0.6104166671875 0.9984375 0.6375 0.9984375 0.6270833328125 0.9484375 0.6125 0.7609375 0.5854166671875001 0.6703125 0.5958333328125 0.64375 0.6041666671875 0.6078125 0.63125 0.6078125 0.6395833328125 0.6140625 0.6395833328125 0.6875 0.6125 0.8640625 0.6104166671875
0 0.765625 0.7541666671875 0.86875 0.8208333328125 0.9640625 0.9166666671874999 0.975 0.91875 0.9078125 0.8395833328125001 0.8125 0.7583333328124999 0.7625 0.7291666671875 0.7140625 0.7104166671875001 0.6421875 0.6979166671875 0.565625 0.7083333328125 0.5625 0.725 0.6046875 0.7145833328125 0.6421875 0.7166666671875 0.765625 0.7541666671875