0 0.8671875 0.55 0.9984375 0.475 0.7640625 0.5625 0.659375 0.61875 0.653125 0.6270833328125 0.6703125 0.6270833328125 0.746875 0.5875 0.8671875 0.55
0 0.7484375 0.3958333328125 0.6234375 0.6041666671875 0.615625 0.6229166671875 0.634375 0.6083333328125 0.8625 0.2375 0.7484375 0.3958333328125
0 0.73125 0.19583333281249998 0.6703125 0.3708333328125 0.625 0.5520833328125 0.6203125 0.5958333328125 0.6359375 0.5583333328125 0.6984375 0.33541666718749996 0.73125 0.19583333281249998
0 0.671875 0.2166666671875 0.6109375 0.5375 0.6125 0.5833333328125 0.646875 0.42083333281249996 0.678125 0.20625 0.671875 0.2166666671875
0 0.5390625 0.5541666671875001 0.5703125 0.6208333328125 0.5875 0.63125 0.578125 0.5979166671875 0.4453125 0.3625 0.41875 0.3416666671875 0.3265625 0.20208333281250002 0.321875 0.20208333281250002 0.325 0.2104166671875 0.41875 0.3708333328125 0.5390625 0.5541666671875001
0 0.5578125 0.575 0.575 0.5958333328125 0.5046875 0.30625 0.4625 0.16458333281249998 0.4734375 0.2541666671875 0.5109375 0.4291666671875 0.559375 0.5645833328125 0.5578125 0.575
0 0.5671875 0.6229166671875 0.55625 0.6166666671875001 0.55625 0.6041666671875 0.5265625 0.5541666671875001 0.4390625 0.45208333281249996 0.334375 0.36875 0.2 0.2833333328125 0.4078125 0.4458333328125 0.4703125 0.50625 0.5578125 0.6208333328125 0.5671875 0.6229166671875
0 0.5828125 0.64375 0.565625 0.625 0.4953125 0.6166666671875001 0.390625 0.5875 0.3046875 0.5875 0.3015625 0.5916666671875 0.34375 0.5916666671875 0.4640625 0.625 0.5828125 0.64375
0 0.3375 0.7625 0.515625 0.68125 0.55 0.6791666671875001 0.578125 0.6875 0.5609375 0.66875 0.5390625 0.6645833328124999 0.4796875 0.6791666671875001 0.046875 0.8604166671875 0.059375 0.8625 0.146875 0.8333333328125001 0.25 0.7895833328124999 0.3375 0.7625
0 0.6109375 0.6708333328125 0.59375 0.6666666671875 0.5796875 0.7020833328125 0.571875 0.74375 0.5875 0.7541666671875 0.603125 0.7270833328124999 0.6109375 0.6708333328125
0 0.790625 0.6958333328124999 0.8828125 0.7145833328125 0.675 0.6333333328124999 0.6515625 0.6270833328125 0.6265625 0.63125 0.6359375 0.64375 0.6421875 0.6395833328125 0.678125 0.6604166671875 0.790625 0.6958333328124999
0 0.5828125 0.59375 0.5875 0.6083333328125 0.59375 0.6083333328125 0.5953125 0.5166666671875 0.584375 0.4291666671875 0.525 0.1583333328125 0.515625 0.15625 0.5078125 0.13333333281249998 0.5390625 0.35625 0.5828125 0.59375
0 0.509375 0.5416666671875 0.5078125 0.5479166671875 0.559375 0.6145833328125 0.546875 0.5854166671875001 0.509375 0.5416666671875
0 0.5875 0.5541666671875001 0.5953125 0.5583333328125 0.5953125 0.5145833328125 0.575 0.3708333328125 0.5453125 0.23541666718749998 0.534375 0.21458333281250003 0.5390625 0.20625 0.53125 0.175 0.5359375 0.23958333281250002 0.5578125 0.3333333328125 0.584375 0.5375 0.5875 0.5541666671875001