0 0.59375 0.68125 0.58125 0.625 0.565625 0.6270833328125 0.56875 0.73125 0.546875 0.94375 0.5453125 0.9979166671874999 0.5859375 0.9979166671874999 0.6015625 0.7770833328125 0.59375 0.68125
0 0.4859375 0.7291666671875 0.5546875 0.6 0.5515625 0.5875 0.53125 0.5916666671875 0.4859375 0.6479166671875001 0.465625 0.69375 0.4109375 0.78125 0.3484375 0.9229166671875 0.334375 0.9604166671875 0.3375 0.9708333328125001 0.45364531250000006 0.7722229171875 0.4859375 0.7291666671875
0 0 0.6916666671875 0.1796875 0.6666666671875 0.2953125 0.63125 0.390625 0.6125 0.4109375 0.6 0.521875 0.5958333328125 0.53125 0.5875 0.48125 0.5729166671875 0.390625 0.5708333328124999 0.240625 0.59375 0.01875 0.6520833328125 0 0.6583333328125 0 0.6916666671875
0 0.890625 0.7895833328124999 0.9984375 0.8416666671874999 0.9953125 0.8083333328125001 0.9015625 0.7583333328124999 0.6859375 0.6229166671875 0.6359375 0.6 0.5921875 0.5916666671875 0.5859375 0.6041666671875 0.6609375 0.6416666671875 0.734375 0.7 0.890625 0.7895833328124999
0 0.6171875 0.54375 0.659375 0.51875 0.7671875 0.49375 0.9984375 0.4166666671875 0.9984375 0.3916666671875 0.6828125 0.4875 0.6390625 0.50625 0.621875 0.5270833328125 0.59375 0.5354166671875 0.5828125 0.55 0.584375 0.5666666671875 0.590625 0.5708333328124999 0.6171875 0.54375
0 0.703125 0.3229166671875 0.88125 0.175 0.9359375 0.1145833328125 0.9625 0.0958333328125 0.9984375 0.05 0.9984375 0.0354166671875 0.834375 0.2 0.684375 0.3166666671875 0.60625 0.4270833328125 0.6015625 0.4458333328125 0.6109375 0.45416666718750004 0.665625 0.36666666718749996 0.703125 0.3229166671875
0 0.8140625 0 0.7125 0.1604166671875 0.628125 0.3104166671875 0.6109375 0.3479166671875 0.5984375 0.39791666718749996 0.5984375 0.4270833328125 0.6296875 0.35625 0.7375 0.1583333328125 0.83125 0 0.8140625 0
0 0.4515625 0 0.453125 0.025 0.490625 0.2604166671875 0.54375 0.5020833328125 0.553125 0.5125 0.55625 0.5395833328124999 0.5609375 0.5395833328124999 0.5625 0.5166666671875 0.553125 0.4895833328125 0.5375 0.3708333328125 0.459375 0 0.4515625 0
0 0.4984375 0.5020833328125 0.4625 0.4583333328125 0.3890625 0.3854166671875 0.0921875 0.1270833328125 0.040625 0.0916666671875 0.0484375 0.10833333281249999 0.2390625 0.3020833328125 0.496875 0.5104166671875 0.4984375 0.5020833328125
0 0.503125 0.48333333281249996 0.5125 0.48333333281249996 0.5125 0.47291666718750003 0.4421875 0.3729166671875 0.3234375 0.22291666718749997 0.321875 0.23125 0.3484375 0.27291666718749996 0.4578125 0.425 0.503125 0.48333333281249996
0 0.521875 0.45625 0.4328125 0.23125 0.3234375 0.0395833328125 0.3703125 0.1833333328125 0.5046875 0.45208333281249996 0.515625 0.4479166671875 0.521875 0.45625
0 0.515625 0.3916666671875 0.46875 0.2375 0.4546875 0.2104166671875 0.446875 0.225 0.4484375 0.2666666671875 0.49375 0.3854166671875 0.5125 0.40625 0.515625 0.3916666671875
0 0.615625 0.2104166671875 0.575 0.45625 0.5765625 0.5395833328124999 0.58125 0.5416666671875 0.5984375 0.425 0.615625 0.2104166671875
0 0.575 0.48333333281249996 0.5671875 0.30625 0.5640625 0.3395833328125 0.5625 0.45208333281249996 0.5703125 0.55 0.575 0.5395833328124999 0.575 0.48333333281249996