0 0.7875 0.9979166671874999 0.6578125 0.8166666671874999 0.6390625 0.8041666671875 0.628125 0.80625 0.625 0.8166666671874999 0.665625 0.8875 0.7421875 0.9979166671874999 0.7875 0.9979166671874999
0 0.76875 0.7520833328125 0.996875 0.7416666671875001 0.9984375 0.7083333328125 0.7578125 0.725 0.6984375 0.7458333328125 0.6421875 0.7833333328125 0.6390625 0.7895833328124999 0.6515625 0.7958333328125 0.703125 0.7666666671875 0.76875 0.7520833328125
0 0.86875 0.058333332812500006 0.7359375 0.3583333328125 0.7390625 0.36875 0.64375 0.60625 0.625 0.675 0.6265625 0.725 0.90625 0 0.896875 0.0020833328125000002 0.86875 0.058333332812500006
0 0.60625 0.6791666671875001 0.6140625 0.6875 0.6109375 0.7166666671875 0.625 0.7208333328125 0.6328125 0.7041666671875 0.621875 0.6708333328125 0.634375 0.6083333328125 0.6453125 0.4458333328125 0.65625 0.0666666671875 0.640625 0.18125 0.61875 0.46458333281249997 0.6046875 0.5145833328125 0.60625 0.58125 0.5984375 0.59375 0.6140625 0.6229166671875 0.60625 0.6791666671875001
0 0.2578125 0.6 0.3125 0.6416666671875 0.4046875 0.69375 0.4171875 0.69375 0.4515625 0.7208333328125 0.4734375 0.725 0.528125 0.7666666671875 0.5375 0.7625 0.553125 0.7875 0.553125 0.7708333328125 0.540625 0.7625 0.5328125 0.7395833328125 0.4984375 0.6958333328124999 0.45625 0.6791666671875001 0.3609375 0.6041666671875 0.0015625 0.3791666671875 0 0.42291666718750004 0.121875 0.51875 0.2421875 0.5979166671875 0.2578125 0.6
0 0.1078125 0.2791666671875 0.1734375 0.36666666718749996 0.3578125 0.5416666671875 0.4734375 0.6833333328125 0.496875 0.6958333328124999 0.496875 0.68125 0.421875 0.5625 0.2921875 0.40416666718750005 0.025 0.175 0.0140625 0.16875 0.0140625 0.17916666718750002 0.0421875 0.21875 0.1078125 0.2791666671875
0 0.559375 0.7333333328125 0.56875 0.7354166671875 0.5703125 0.7604166671875 0.575 0.7604166671875 0.5796875 0.7541666671875 0.5765625 0.7229166671875 0.4671875 0.40625 0.3171875 0.05625 0.284375 0.0041666671875 0.2828125 0.01875 0.425 0.40416666718750005 0.490625 0.55 0.559375 0.7333333328125
0 0.565625 0.6520833328125 0.565625 0.6270833328125 0.553125 0.575 0.5421875 0.56875 0.54375 0.6145833328125 0.5546875 0.6270833328125 0.5546875 0.65 0.565625 0.6520833328125
0 0.5640625 0.5541666671875001 0.5703125 0.40416666718750005 0.540625 0.40208333281249997 0.534375 0.40416666718750005 0.534375 0.425 0.55 0.5333333328125 0.5640625 0.5541666671875001
0 0.578125 0.014583332812499999 0.5765625 0 0.5484375 0.0041666671875 0.534375 0.3791666671875 0.5703125 0.38333333281250004 0.575 0.35 0.578125 0.014583332812499999
0 0.109375 0.2916666671875 0.0015625 0.20833333281250002 0 0.25625 0.0765625 0.3083333328125 0.1515625 0.3479166671875 0.109375 0.2916666671875
0 0 0.3708333328125 0.2140625 0.41041666718750003 0.1875 0.3875 0.00625 0.35 0 0.35 0 0.3708333328125
0 0.003125 0.4916666671875 0 0.525 0.071875 0.4791666671875 0.0484375 0.47083333281249995 0.003125 0.4916666671875
0 0.1296875 0.4458333328125 0.1234375 0.45 0.275 0.46666666718750005 0.2265625 0.43958333281249995 0.1296875 0.4458333328125
0 0.7359375 0.14791666718750002 0.75 0.0354166671875 0.6921875 0.2416666671875 0.6921875 0.30625 0.709375 0.2791666671875 0.7078125 0.25625 0.7359375 0.14791666718750002
0 0.9984375 0.33125 0.85 0.3645833328125 0.76875 0.3875 0.7578125 0.39791666718749996 0.75625 0.40416666718750005 0.7625 0.40416666718750005 0.996875 0.35208333281250004 0.9984375 0.33125
0 0.8171875 0.1375 0.8078125 0.14375 0.7328125 0.2770833328125 0.684375 0.375 0.68125 0.3875 0.6890625 0.3916666671875 0.73125 0.3229166671875 0.8171875 0.1375
0 0.6953125 0.425 0.715625 0.4166666671875 0.7203125 0.3958333328125 0.746875 0.35625 0.746875 0.3375 0.675 0.4125 0.6453125 0.4583333328125 0.646875 0.5 0.6546875 0.475 0.68125 0.44166666718750003 0.6953125 0.425
0 0.9984375 0.2104166671875 0.9984375 0.19375 0.8640625 0.2666666671875 0.7765625 0.3416666671875 0.775 0.3541666671875 0.8484375 0.2958333328125 0.9703125 0.22916666718749998 0.9984375 0.2104166671875
0 0.6796875 0.060416667187499995 0.6859375 0.0270833328125 0.6703125 0.06875 0.659375 0.19583333281249998 0.65625 0.33541666718749996 0.6640625 0.38333333281250004 0.6734375 0.3895833328125 0.6796875 0.060416667187499995
0 0.6484375 0 0.6296875 0.014583332812499999 0.578125 0.07083333281250001 0.571875 0.10833333281249999 0.6546875 0.025 0.665625 0.010416667187500001 0.665625 0 0.6484375 0
0 0.6078125 0 0.6109375 0.03125 0.6234375 0.01875 0.6203125 0 0.6078125 0
0 0.6328125 0.23333333281250002 0.6375 0.1520833328125 0.6296875 0.0770833328125 0.621875 0.060416667187499995 0.6125 0.07291666718749999 0.6125 0.0895833328125 0.61875 0.1625 0.6328125 0.23333333281250002
0 0.3140625 0.3645833328125 0.309375 0.375 0.30625 0.40208333281249997 0.3140625 0.40625 0.3203125 0.36666666718749996 0.3140625 0.3645833328125
0 0.3140625 0.2208333328125 0.325 0.1520833328125 0.3109375 0.1520833328125 0.3140625 0.2208333328125
0 0.4546875 0.1854166671875 0.3890625 0.1145833328125 0.321875 0.05625 0.3234375 0.07083333281250001 0.35 0.1 0.4484375 0.1895833328125 0.4546875 0.1854166671875
0 0.384375 0.1375 0.375 0.1666666671875 0.378125 0.1854166671875 0.396875 0.1458333328125 0.390625 0.1354166671875 0.384375 0.1375
0 0.334375 0.30625 0.359375 0.2375 0.3546875 0.21875 0.3375 0.2541666671875 0.31875 0.325 0.3171875 0.3479166671875 0.3234375 0.3625 0.33125 0.3458333328125 0.334375 0.30625
0 0.4359375 0 0.41875 0.0354166671875 0.3921875 0.1125 0.4 0.1270833328125 0.4125 0.10833333281249999 0.45 0 0.4359375 0
0 0.1921875 0.2416666671875 0.175 0.1604166671875 0.1109375 0 0.0828125 0.0041666671875 0.1265625 0.1145833328125 0.20625 0.2791666671875 0.1921875 0.2416666671875
0 0.2984375 0.275 0.296875 0.30416666718749996 0.30625 0.2958333328125 0.3046875 0.2770833328125 0.2984375 0.275
0 0.1171875 0.0895833328125 0.0640625 0.075 0.0546875 0.0791666671875 0.1046875 0.0979166671875 0.1296875 0.1208333328125 0.1171875 0.0895833328125
0 0.33125 0 0.3265625 0.0229166671875 0.3234375 0.054166667187499996 0.334375 0.058333332812500006 0.3421875 0 0.33125 0
0 0.4078125 0 0.39375 0.0020833328125000002 0.41875 0.0333333328125 0.4234375 0.0208333328125 0.4078125 0
0 0.5375 0.15 0.553125 0.1520833328125 0.546875 0.10833333281249999 0.4890625 0.1625 0.4703125 0.1666666671875 0.46875 0.1895833328125 0.4453125 0.1979166671875 0.4375 0.23125 0.4109375 0.2541666671875 0.4125 0.27291666718749996 0.4203125 0.2770833328125 0.4828125 0.21875 0.5375 0.15
0 0.53125 0.28125 0.5359375 0.2770833328125 0.5328125 0.2645833328125 0.4796875 0.2104166671875 0.4734375 0.22291666718749997 0.4921875 0.23541666718749998 0.5015625 0.25833333281250004 0.53125 0.28125
0 0.5203125 0.17916666718750002 0.5171875 0.1875 0.5390625 0.21875 0.5390625 0.1854166671875 0.5203125 0.17916666718750002
0 0.625 0.3375 0.6234375 0.32083333281250004 0.5796875 0.21875 0.578125 0.2416666671875 0.5859375 0.2666666671875 0.6109375 0.32083333281250004 0.625 0.3375
0 0.5921875 0.28125 0.5765625 0.2604166671875 0.5796875 0.28958333281250004 0.6015625 0.33125 0.6078125 0.33125 0.5921875 0.28125
0 0.5296875 0.10833333281249999 0.5453125 0.07083333281250001 0.5203125 0.0916666671875 0.4578125 0.18125 0.4515625 0.1916666671875 0.459375 0.20208333281250002 0.5046875 0.13125 0.5296875 0.10833333281249999
0 0.528125 0.1020833328125 0.5234375 0.11041666718750001 0.528125 0.12291666718750001 0.5328125 0.1166666671875 0.528125 0.1020833328125
0 0.4984375 0.12291666718750001 0.4875 0.1041666671875 0.4421875 0.0458333328125 0.4328125 0.05 0.4328125 0.0645833328125 0.4828125 0.1375 0.4890625 0.1375 0.4984375 0.12291666718750001
0 0.5234375 0.0875 0.4875 0 0.4796875 0.0041666671875 0.5140625 0.0958333328125 0.51875 0.0958333328125 0.5234375 0.0875
0 0.809375 0 0.7734375 0.0479166671875 0.74375 0.11041666718750001 0.740625 0.1375 0.8171875 0 0.809375 0
0 0.2359375 0.1020833328125 0.2515625 0.21458333281250003 0.2890625 0.3770833328125 0.284375 0.3 0.2359375 0.1020833328125
0 0.2890625 0.4 0.2625 0.30416666718749996 0.1984375 0.16458333281249998 0.16875 0.08125 0.1875 0.225 0.20625 0.2854166671875 0.2359375 0.35208333281250004 0.2890625 0.4
0 0.5140625 0.4166666671875 0.4953125 0.4145833328125 0.4734375 0.42083333281249996 0.4828125 0.43333333281249997 0.5171875 0.425 0.5140625 0.4166666671875
0 0.425 0.41041666718750003 0.3171875 0.42083333281249996 0.315625 0.43125 0.3234375 0.43541666718750005 0.4359375 0.43333333281249997 0.425 0.41041666718750003
0 0.565625 0.3895833328125 0.5625 0.39375 0.5734375 0.4 0.5828125 0.39375 0.565625 0.3895833328125
0 0.5296875 0.4 0.5515625 0.3958333328125 0.525 0.38333333281250004 0.5296875 0.4
0 0.6234375 0.3916666671875 0.6171875 0.3895833328125 0.596875 0.3895833328125 0.596875 0.39791666718749996 0.621875 0.4 0.6234375 0.3916666671875
0 0.3859375 0.2916666671875 0.34375 0.3604166671875 0.3390625 0.3708333328125 0.3421875 0.39375 0.390625 0.3166666671875 0.3859375 0.2916666671875
0 0.4640625 0.3854166671875 0.4703125 0.40833333281249995 0.5125 0.4 0.5078125 0.3854166671875 0.4640625 0.3854166671875
0 0.578125 0.3229166671875 0.5765625 0.34375 0.603125 0.3791666671875 0.6109375 0.3770833328125 0.578125 0.3229166671875
0 0.375 0.3395833328125 0.346875 0.36875 0.3328125 0.39791666718749996 0.334375 0.40625 0.3453125 0.40208333281249997 0.375 0.3395833328125
0 0.428125 0.41041666718750003 0.41875 0.3875 0.371875 0.3875 0.3484375 0.40208333281249997 0.3390625 0.41041666718750003 0.34375 0.4166666671875 0.396875 0.40416666718750005 0.428125 0.41041666718750003