0 0.484375 0.6645833328124999 0.4859375 0.6583333328125 0.459375 0.6520833328125 0.3109375 0.68125 0.1984375 0.7229166671875 0.0875 0.7854166671875 0.084375 0.7916666671875 0.18125 0.7458333328125 0.3265625 0.6979166671875 0.484375 0.6645833328124999
0 0 0.7375 0.125 0.6958333328124999 0.3421875 0.6520833328125 0.421875 0.6479166671875001 0.44375 0.6541666671875 0.44375 0.64375 0.39375 0.6291666671875 0.3140625 0.63125 0.19375 0.65625 0.0421875 0.7083333328125 0 0.7270833328124999 0 0.7375
0 0.9 0.6666666671875 0.7953125 0.63125 0.675 0.6083333328125 0.590625 0.625 0.56875 0.64375 0.5703125 0.6520833328125 0.6328125 0.6375 0.684375 0.6395833328125 0.9 0.6666666671875
0 0.7796875 0.4375 0.9484375 0.3083333328125 0.959375 0.28958333281250004 0.96875 0.28958333281250004 0.9984375 0.2645833328125 0.9984375 0.25625 0.728125 0.44166666718750003 0.6296875 0.5270833328125 0.6 0.58125 0.6453125 0.5375 0.7125 0.49791666718750005 0.7796875 0.4375
0 0.8234375 0.3229166671875 0.9140625 0.19375 0.90625 0.19583333281249998 0.884375 0.23333333281250002 0.84375 0.2791666671875 0.7515625 0.3708333328125 0.6859375 0.425 0.675 0.44375 0.671875 0.45416666718750004 0.678125 0.45625 0.709375 0.43125 0.8234375 0.3229166671875
0 0.7296875 0.0270833328125 0.6328125 0.36666666718749996 0.5703125 0.5395833328124999 0.5703125 0.5604166671875 0.634375 0.3958333328125 0.703125 0.1541666671875 0.7296875 0.0270833328125
0 0.609375 0.5645833328125 0.640625 0.49375 0.671875 0.4458333328125 0.740625 0.2833333328125 0.6703125 0.42083333281249996 0.584375 0.5604166671875 0.5703125 0.5916666671875 0.58125 0.5916666671875 0.596875 0.56875 0.609375 0.5645833328125
0 0.5203125 0.50625 0.521875 0.58125 0.5328125 0.5958333328125 0.5265625 0.5708333328124999 0.528125 0.5291666671875 0.5328125 0.5270833328125 0.53125 0.4458333328125 0.5078125 0.12291666718750001 0.5046875 0.17916666718750002 0.503125 0.3166666671875 0.5109375 0.45208333281249996 0.5140625 0.49375 0.5203125 0.50625
0 0.4203125 0.41875 0.3203125 0.25625 0.39375 0.42083333281249996 0.484375 0.5958333328125 0.484375 0.5708333328124999 0.4203125 0.41875
0 0.45625 0.59375 0.4359375 0.5625 0.359375 0.4875 0.14375 0.30625 0.1390625 0.30625 0.2234375 0.4 0.328125 0.5 0.45625 0.59375
0 0.246875 0.45208333281249996 0.2265625 0.44375 0.23125 0.45208333281249996 0.378125 0.5625 0.4609375 0.6083333328125 0.5 0.65 0.5109375 0.65 0.5109375 0.6395833328125 0.496875 0.6229166671875 0.496875 0.6020833328124999 0.14375 0.30625 0.1359375 0.3020833328125 0.2265625 0.40416666718750005 0.2609375 0.43333333281249997 0.246875 0.45208333281249996
0 0.4 0.29375 0.4421875 0.4375 0.515625 0.60625 0.5125 0.56875 0.4 0.29375
0 0.55 0.5041666671875 0.5609375 0.38125 0.5671875 0.1666666671875 0.5625 0.16875 0.528125 0.5729166671875 0.53125 0.5958333328125 0.5359375 0.5958333328125 0.55 0.5041666671875
0 0.5078125 0.4770833328125 0.484375 0.2875 0.4484375 0.125 0.4859375 0.45 0.5 0.5354166671875 0.5109375 0.55625 0.5078125 0.4770833328125