0 0.915625 0.5291666671875 0.9921875 0.51875 0.9984375 0.5083333328124999 0.7671875 0.5125 0.6609375 0.525 0.596875 0.54375 0.59375 0.55 0.6015625 0.55625 0.6609375 0.54375 0.915625 0.5291666671875
0 0.7984375 0.6 0.671875 0.56875 0.60625 0.5625 0.6140625 0.5770833328125 0.9984375 0.69375 0.9984375 0.68125 0.7984375 0.6
0 0.759375 0 0.753125 0.0020833328125000002 0.6671875 0.23541666718749998 0.6125 0.425 0.5984375 0.49791666718750005 0.609375 0.4875 0.675 0.30416666718749996 0.759375 0
0 0.646875 0.07291666718749999 0.596875 0.3958333328125 0.5984375 0.47083333281249995 0.6125 0.42083333281249996 0.6265625 0.3291666671875 0.646875 0.07291666718749999
0 0.4640625 0 0.4671875 0.03125 0.5140625 0.3291666671875 0.5453125 0.45208333281249996 0.553125 0.45625 0.5546875 0.43333333281249997 0.534375 0.3125 0.4703125 0 0.4640625 0
0 0.525 0.46875 0.5265625 0.45416666718750004 0.4953125 0.40208333281249997 0.359375 0.2 0.4078125 0.30625 0.471875 0.4166666671875 0.5015625 0.4583333328125 0.525 0.46875
0 0.50625 0.46666666718750005 0.4890625 0.4583333328125 0.4578125 0.425 0.3296875 0.2645833328125 0.15 0.10833333281249999 0.321875 0.2854166671875 0.4828125 0.48333333281249996 0.5265625 0.525 0.50625 0.46666666718750005
0 0.246875 0.79375 0.3265625 0.7479166671875 0.446875 0.6645833328124999 0.4921875 0.6208333328125 0.5109375 0.6104166671875 0.5359375 0.6104166671875 0.5671875 0.5708333328124999 0.55625 0.56875 0.553125 0.5604166671875 0.4890625 0.5979166671875 0.203125 0.8125 0.1984375 0.8208333328125 0.2234375 0.8083333328125001 0.225 0.7979166671875 0.246875 0.79375
0 0.5671875 0.56875 0.559375 0.56875 0.46875 0.6479166671875001 0.40625 0.7166666671875 0.3296875 0.81875 0.3375 0.81875 0.5015625 0.6541666671875 0.5671875 0.5770833328125 0.5671875 0.56875
0 0.5640625 0.6916666671875 0.578125 0.6083333328125 0.5703125 0.5895833328125 0.55 0.66875 0.496875 0.8041666671875 0.4828125 0.8645833328125001 0.4375 0.9916666671875 0.4359375 0.9979166671874999 0.45625 0.99375 0.5390625 0.775 0.5640625 0.6916666671875
0 0.609375 0.6291666671875 0.5953125 0.5875 0.584375 0.58125 0.6390625 0.8729166671874999 0.68125 0.9958333328125001 0.6953125 0.9979166671874999 0.609375 0.6291666671875
0 0.7796875 0.95625 0.6609375 0.6666666671875 0.60625 0.5729166671875 0.590625 0.5583333328125 0.590625 0.575 0.6359375 0.65625 0.6875 0.775 0.7796875 0.95625