0 0.1796875 0.7583333328124999 0.178125 0.7645833328125 0.2203125 0.7895833328124999 0.2203125 0.7791666671875 0.1796875 0.7583333328124999
0 0.4296875 0.7333333328125 0.4546875 0.7083333328125 0.465625 0.6854166671875 0.4390625 0.6854166671875 0.3875 0.7291666671875 0.3328125 0.75625 0.25 0.7895833328124999 0.2265625 0.7854166671875 0.228125 0.7958333328125 0.2609375 0.80625 0.378125 0.76875 0.4296875 0.7333333328125
0 0.634375 0.8229166671874999 0.65 0.8270833328125 0.54375 0.6770833328125 0.51875 0.6541666671875 0.5078125 0.65625 0.5015625 0.6708333328125 0.528125 0.7104166671875001 0.6015625 0.7916666671875 0.634375 0.8229166671874999
0 0.8453125 0.6125 0.9703125 0.5729166671875 0.9984375 0.5708333328124999 0.9984375 0.5583333328125 0.61875 0.6229166671875 0.5421875 0.6604166671875 0.5390625 0.66875 0.55 0.66875 0.621875 0.6395833328125 0.8453125 0.6125
0 0.8203125 0.3 0.8671875 0.2375 0.7171875 0.3875 0.5390625 0.5979166671875 0.5140625 0.6354166671875 0.528125 0.6333333328124999 0.59375 0.55 0.8203125 0.3
0 0.5359375 0.5854166671875001 0.5921875 0.45208333281249996 0.73125 0.1770833328125 0.68125 0.24375 0.6234375 0.35625 0.5703125 0.46458333281249997 0.5109375 0.6208333328125 0.5078125 0.6375 0.5265625 0.61875 0.5328125 0.6208333328125 0.5359375 0.5854166671875001
0 0.5 0.5625 0.5015625 0.6166666671875001 0.5671875 0.3291666671875 0.5921875 0.1666666671875 0.5 0.5625
0 0 0.7458333328125 0.2109375 0.7229166671875 0.3734375 0.6854166671875 0.421875 0.6916666671875 0.4390625 0.6854166671875 0.39375 0.6708333328125 0.3484375 0.6708333328125 0.0109375 0.73125 0 0.7333333328125 0 0.7458333328125
0 0.4296875 0.6354166671875 0.3875 0.6208333328125 0.3140625 0.6083333328125 0.115625 0.5458333328125 0.0015625 0.5229166671875001 0 0.5333333328125 0.2625 0.6125 0.4484375 0.6541666671875 0.4296875 0.6354166671875
0 0.25 0.3854166671875 0.3421875 0.4895833328125 0.425 0.6020833328124999 0.4328125 0.5979166671875 0.4421875 0.60625 0.4 0.5291666671875 0.3765625 0.5125 0.346875 0.46458333281249997 0.2875 0.3958333328125 0.14375 0.2645833328125 0.015625 0.1604166671875 0.009375 0.1625 0.0234375 0.16875 0.025 0.1770833328125 0.25 0.3854166671875
0 0.45625 0.5958333328125 0.4234375 0.5125 0.4015625 0.4770833328125 0.334375 0.3270833328125 0.2421875 0.1541666671875 0.2265625 0.1375 0.2890625 0.2854166671875 0.390625 0.4916666671875 0.44375 0.5916666671875 0.45625 0.5958333328125
0 0.365625 0.46666666718750005 0.2546875 0.2875 0.2375 0.2645833328125 0.309375 0.40208333281249997 0.3859375 0.5145833328125 0.365625 0.46666666718750005
0 0.4609375 0.5958333328125 0.4703125 0.5958333328125 0.4359375 0.40416666718750005 0.4453125 0.3916666671875 0.4453125 0.3229166671875 0.425 0.1 0.41875 0.1291666671875 0.4171875 0.2270833328125 0.428125 0.4270833328125 0.4515625 0.5729166671875 0.4609375 0.5958333328125
0 0.471875 0.4 0.478125 0.4145833328125 0.4765625 0.5229166671875001 0.4859375 0.5604166671875 0.4875 0.6333333328124999 0.49375 0.64375 0.496875 0.46875 0.490625 0.1875 0.484375 0.10625 0.465625 0.1020833328125 0.4734375 0.23958333281250002 0.4703125 0.36666666718749996 0.475 0.3708333328125 0.471875 0.4
0 0.4703125 0.5854166671875001 0.4765625 0.5770833328125 0.4734375 0.5375 0.44375 0.36875 0.4375 0.36666666718749996 0.4203125 0.30625 0.434375 0.41041666718750003 0.4703125 0.5854166671875001