0 0.4953125 0.44375 0.54375 0.49791666718750005 0.553125 0.5 0.50625 0.4375 0.45 0.39375 0.0265625 0.1541666671875 0.01875 0.1541666671875 0.1359375 0.2375 0.4609375 0.4166666671875 0.4953125 0.44375
0 0.4328125 0 0.4609375 0.13125 0.525 0.33541666718749996 0.5546875 0.39791666718749996 0.5671875 0.40416666718750005 0.4421875 0.0166666671875 0.4421875 0 0.4328125 0
0 0.653125 0.5854166671875001 0.646875 0.5416666671875 0.6328125 0.5229166671875001 0.609375 0.5229166671875001 0.615625 0.5729166671875 0.6359375 0.6020833328124999 0.65 0.6104166671875 0.653125 0.5854166671875001
0 0.8578125 0.675 0.9984375 0.8625 0.9984375 0.8395833328125001 0.9796875 0.8104166671874999 0.8421875 0.6270833328125 0.7390625 0.5395833328124999 0.675 0.5375 0.68125 0.5479166671875 0.7140625 0.55 0.740625 0.5666666671875 0.8578125 0.675
0 0.705574325 0.5141328828125 0.715625 0.5208333328125 0.74375 0.51875 0.9125 0.54375 0.9984375 0.5458333328125 0.996875 0.525 0.7375 0.50625 0.705574325 0.5141328828125
0 0.990625 0.43333333281249997 0.9984375 0.43125 0.9984375 0.42083333281249996 0.821875 0.44375 0.6390625 0.4895833328125 0.6390625 0.5020833328125 0.7046875 0.49791666718750005 0.8015625 0.4625 0.990625 0.43333333281249997
0 0.996875 0.23125 0.9984375 0.2208333328125 0.8453125 0.3020833328125 0.759375 0.3729166671875 0.6828125 0.45208333281249996 0.675 0.4625 0.678125 0.47083333281249995 0.828125 0.3458333328125 0.996875 0.23125
0 0.7890625 0.24375 0.6515625 0.44166666718750003 0.6421875 0.47291666718750003 0.8890625 0.15 0.9078125 0.1166666671875 0.7890625 0.24375
0 0.6609375 0.43125 0.653125 0.43958333281249995 0.6453125 0.4625 0.65 0.46666666718750005 0.665625 0.4375 0.6609375 0.43125
0 0.675 0.3270833328125 0.64375 0.40416666718750005 0.6421875 0.4375 0.7234375 0.2645833328125 0.7921875 0.0916666671875 0.675 0.3270833328125
0 0.6203125 0.47083333281249995 0.6046875 0.11041666718750001 0.6015625 0.16875 0.6 0.3125 0.6109375 0.4458333328125 0.615625 0.47083333281249995 0.6203125 0.47083333281249995
0 0.55625 0.19583333281249998 0.5671875 0.30625 0.596875 0.425 0.6015625 0.475 0.6078125 0.4770833328125 0.5875 0.26875 0.546875 0.05208333281250001 0.5421875 0.0354166671875 0.5359375 0.0333333328125 0.5390625 0.00625 0.5328125 0 0.53125 0.05625 0.5390625 0.0770833328125 0.5421875 0.13333333281249998 0.55625 0.19583333281249998
0 0.31875 0 0.3203125 0.014583332812499999 0.4875 0.2979166671875 0.5453125 0.40416666718750005 0.5625 0.45625 0.5703125 0.4583333328125 0.5515625 0.3916666671875 0.53125 0.3458333328125 0.4671875 0.2479166671875 0.378125 0.08125 0.3234375 0 0.31875 0
0 0.6421875 0.40625 0.6515625 0.3416666671875 0.678125 0.21458333281250003 0.6578125 0.2854166671875 0.640625 0.32083333281250004 0.6296875 0.39791666718749996 0.6265625 0.4479166671875 0.634375 0.45625 0.6453125 0.43125 0.6421875 0.40625