0 0.4359375 0.6229166671875 0.484375 0.55625 0.46875 0.55625 0.4484375 0.5729166671875 0.3625 0.6791666671875001 0.175 0.9895833328125001 0.171875 0.9979166671874999 0.18125 0.9979166671874999 0.30625 0.83125 0.4359375 0.6229166671875
0 0.4515625 0.5625 0.471875 0.5479166671875 0.225 0.5625 0.003125 0.6 0 0.6229166671875 0.2578125 0.6020833328124999 0.3890625 0.56875 0.4515625 0.5625
0 0.171875 0.40208333281249997 0.0453125 0.3770833328125 0.0367158671875 0.3819956953125 0.2 0.4291666671875 0.271875 0.4604166671875 0.428125 0.49583333281249997 0.428125 0.4875 0.40625 0.47291666718750003 0.33125 0.4458333328125 0.171875 0.40208333281249997
0 0.653125 0.9416666671874999 0.5671875 0.6479166671875001 0.5328125 0.5583333328125 0.5234375 0.5416666671875 0.5140625 0.5416666671875 0.525 0.6125 0.54375 0.6541666671875 0.5625 0.725 0.653125 0.9416666671874999
0 0.665625 0.5083333328124999 0.85625 0.6083333328125 0.9984375 0.6645833328124999 0.9953125 0.6458333328125 0.8796875 0.6020833328124999 0.6640625 0.4916666671875 0.5875 0.4791666671875 0.5421875 0.5041666671875 0.5390625 0.5125 0.56875 0.49791666718750005 0.60625 0.49375 0.665625 0.5083333328124999
0 0.9390625 0.3229166671875 0.8625 0.33541666718749996 0.578125 0.4270833328125 0.565625 0.44166666718750003 0.884375 0.34375 0.93125 0.35 0.9390625 0.3229166671875
0 0.659375 0.3166666671875 0.7265625 0.2875 0.7796875 0.275 0.7953125 0.2791666671875 0.784375 0.2708333328125 0.753125 0.2708333328125 0.6671875 0.2916666671875 0.5984375 0.3541666671875 0.56875 0.39791666718749996 0.55625 0.4291666671875 0.56875 0.4270833328125 0.6171875 0.3604166671875 0.659375 0.3166666671875
0 0.4796875 0.3916666671875 0.39375 0.11875 0.4765625 0.47083333281249995 0.4859375 0.475 0.4890625 0.45208333281249996 0.4796875 0.3916666671875
0 0.3921875 0.3854166671875 0.321875 0.30625 0.065625 0.05208333281250001 0.2234375 0.25 0.4484375 0.48333333281249996 0.4703125 0.49791666718750005 0.3921875 0.3854166671875
0 0.4359375 0 0.440625 0.125 0.4640625 0.30416666718749996 0.4625 0.3291666671875 0.4765625 0.36875 0.4765625 0.2708333328125 0.4453125 0 0.4359375 0
0 0.5984375 0.2 0.584375 0.2416666671875 0.58125 0.2645833328125 0.5890625 0.2604166671875 0.6546875 0.14375 0.701467803125 0.0873737375 0.696875 0.08125 0.6328125 0.15 0.5984375 0.2
0 0.575 0.28125 0.5875 0.2604166671875 0.584375 0.24375 0.6390625 0.025 0.60625 0.1166666671875 0.5484375 0.325 0.5390625 0.3333333328125 0.5328125 0.3770833328125 0.51875 0.3958333328125 0.5078125 0.44166666718750003 0.5015625 0.48333333281249996 0.50625 0.5020833328125 0.5515625 0.3729166671875 0.575 0.28125