0 0.553125 0.69375 0.5328125 0.6833333328125 0.4796875 0.7166666671875 0.4125 0.83125 0.4140625 0.8479166671874999 0.4734375 0.76875 0.546875 0.70625 0.553125 0.69375
0 0.2765625 0.7291666671875 0.4203125 0.6958333328124999 0.48125 0.6979166671875 0.4578125 0.68125 0.409375 0.675 0.2640625 0.7083333328125 0.1421875 0.7479166671875 0.0015625 0.8145833328125001 0 0.825 0.0109375 0.8229166671874999 0.1671875 0.7604166671875 0.2765625 0.7291666671875
0 0.5 0.6916666671875 0.49375 0.68125 0.4484375 0.6604166671875 0.3 0.625 0.0109375 0.5979166671875 0 0.6020833328124999 0.3375 0.6541666671875 0.4703125 0.6791666671875001 0.5 0.6916666671875
0 0.334375 0.6666666671875 0.053125 0.6854166671875 0.271875 0.6916666671875 0.4328125 0.6770833328125 0.3859375 0.6666666671875 0.334375 0.6666666671875
0 0.8984375 0.5 0.996875 0.4166666671875 0.9984375 0.40208333281249997 0.7859375 0.5375 0.671875 0.6291666671875 0.6234375 0.6916666671875 0.621875 0.7104166671875001 0.678125 0.64375 0.7578125 0.5854166671875001 0.8984375 0.5
0 0.6296875 0.5375 0.709375 0.3604166671875 0.7984375 0.125 0.7984375 0.11041666718750001 0.71875 0.2770833328125 0.6375 0.48333333281249996 0.6203125 0.49375 0.5984375 0.5770833328125 0.584375 0.6333333328124999 0.584375 0.6645833328124999 0.5921875 0.6625 0.6296875 0.5375
0 0.6640625 0.38333333281250004 0.703125 0.2375 0.70625 0.20625 0.6875 0.2520833328125 0.621875 0.48541666718750004 0.625 0.4916666671875 0.6166330640625 0.5223454296875001 0.6234375 0.5208333328125 0.621875 0.5104166671875 0.6375 0.4770833328125 0.6640625 0.38333333281250004
0 0.6546875 0.1875 0.6453125 0.20833333281250002 0.61875 0.375 0.584375 0.5229166671875001 0.5765625 0.5729166671875 0.5796875 0.6166666671875001 0.640625 0.3458333328125 0.6546875 0.1875
0 0.578125 0.3166666671875 0.5625 0.5104166671875 0.5609375 0.6333333328124999 0.5640625 0.6791666671875001 0.5703125 0.6916666671875 0.578125 0.3166666671875
0 0.5390625 0.40625 0.5421875 0.5083333328124999 0.5578125 0.6333333328124999 0.5578125 0.575 0.5390625 0.40625
0 0.4828125 0.2520833328125 0.525 0.54375 0.55 0.6166666671875001 0.534375 0.46666666718750005 0.4828125 0.2520833328125
0 0.3765625 0.2791666671875 0.440625 0.4375 0.5046875 0.5666666671875 0.4984375 0.53125 0.3765625 0.2791666671875
0 0.553125 0.6791666671875001 0.553125 0.6395833328125 0.5140625 0.525 0.4953125 0.4458333328125 0.49375 0.4791666671875 0.5109375 0.5895833328125 0.5421875 0.6708333328125 0.553125 0.6791666671875001
0 0.8171875 0.3895833328125 0.9234375 0.2270833328125 0.9453125 0.20625 0.94375 0.1979166671875 0.86875 0.275 0.80625 0.38125 0.725 0.4770833328125 0.621875 0.6291666671875 0.625 0.6354166671875 0.771875 0.43958333281249995 0.8171875 0.3895833328125
0 0.8609375 0.3020833328125 0.8875 0.2791666671875 0.915625 0.2375 0.9796875 0.1770833328125 0.9984375 0.1520833328125 0.9984375 0.1395833328125 0.896875 0.2416666671875 0.7375 0.4291666671875 0.6859375 0.5020833328125 0.6390625 0.5916666671875 0.6328125 0.6083333328125 0.6515625 0.59375 0.73125 0.4604166671875 0.8609375 0.3020833328125