0 0.6078125 0.9958333328125001 0.6265625 0.9979166671874999 0.621875 0.8958333328125001 0.5984375 0.7 0.5828125 0.5979166671875 0.578125 0.5833333328125 0.5734375 0.5875 0.5703125 0.63125 0.5765625 0.7458333328125 0.5984375 0.9479166671874999 0.6078125 0.9958333328125001
0 0.5546875 0.56875 0.55 0.5625 0.5171875 0.7291666671875 0.490625 0.9145833328125 0.4828125 0.9979166671874999 0.5140625 0.9979166671874999 0.55625 0.6354166671875 0.5546875 0.56875
0 0.546875 0.5541666671875001 0.5296875 0.55 0.5171875 0.55625 0.5109375 0.5770833328125 0.3140625 0.7270833328124999 0.1828125 0.8416666671874999 0.178125 0.85 0.4453125 0.6645833328124999 0.5484375 0.5625 0.546875 0.5541666671875001
0 0.3078125 0.6625 0.5046875 0.575 0.5265625 0.55625 0.4921875 0.55625 0.2546875 0.6354166671875 0.0015625 0.7729166671875001 0.0265625 0.7708333328125 0.171875 0.71875 0.21875 0.6916666671875 0.3078125 0.6625
0 0.309375 0.46666666718750005 0.4234375 0.5125 0.509375 0.5354166671875 0.5265625 0.5291666671875 0.5234375 0.51875 0.4375 0.4875 0.3328125 0.43125 0.0046875 0.2916666671875 0 0.2979166671875 0.0265625 0.3166666671875 0.1765625 0.40208333281249997 0.309375 0.46666666718750005
0 0.4875 0.43958333281249995 0.484375 0.41875 0.371875 0.2791666671875 0.178125 0.0770833328125 0.425 0.3916666671875 0.48125 0.45416666718750004 0.5109375 0.46666666718750005 0.4875 0.43958333281249995
0 0.2328125 0 0.2375 0.0166666671875 0.3859375 0.2770833328125 0.440625 0.3604166671875 0.471875 0.3958333328125 0.4921875 0.44166666718750003 0.5078125 0.4479166671875 0.51875 0.48333333281249996 0.540625 0.48541666718750004 0.5390625 0.47291666718750003 0.5265625 0.47083333281249995 0.525 0.4479166671875 0.4953125 0.3916666671875 0.4859375 0.3854166671875 0.403125 0.24375 0.2421875 0 0.2328125 0
0 0.8171875 0.33125 0.9984375 0.18125 0.9984375 0.15625 0.85625 0.25 0.725 0.35 0.5984375 0.4791666671875 0.5875 0.5020833328125 0.5859375 0.5104166671875 0.59375 0.5104166671875 0.675 0.43333333281249997 0.8171875 0.33125
0 0.8640625 0.4916666671875 0.9921875 0.4604166671875 0.9984375 0.45 0.8890625 0.46458333281249997 0.6734375 0.5145833328125 0.584375 0.525 0.5828125 0.5395833328124999 0.671875 0.54375 0.759375 0.5270833328125 0.8640625 0.4916666671875
0 0.7921875 0.61875 0.9984375 0.6666666671875 0.9984375 0.6333333328124999 0.9109375 0.6020833328124999 0.771875 0.5666666671875 0.6015625 0.5375 0.584375 0.54375 0.584375 0.5541666671875001 0.6640625 0.5729166671875 0.7921875 0.61875
0 0.715625 0 0.584375 0.36875 0.5828125 0.45625 0.5875 0.46666666718750005 0.625 0.3770833328125 0.6734375 0.20625 0.7515625 0 0.715625 0
0 0.5703125 0.48541666718750004 0.5765625 0.36875 0.546875 0.1854166671875 0.5484375 0.2916666671875 0.5609375 0.40416666718750005 0.55625 0.4479166671875 0.5703125 0.48541666718750004