0 0.5140625 0.7333333328125 0.5328125 0.61875 0.540625 0.6041666671875 0.528125 0.6041666671875 0.5171875 0.6166666671875001 0.503125 0.6604166671875 0.465625 0.8333333328125001 0.4421875 0.9791666671874999 0.440625 0.9979166671874999 0.446875 0.9979166671874999 0.4953125 0.7875 0.5140625 0.7333333328125
0 0.659375 0.6666666671875 0.6875 0.6770833328125 0.6234375 0.6041666671875 0.578125 0.58125 0.5703125 0.58125 0.5703125 0.5875 0.584375 0.6020833328124999 0.659375 0.6666666671875
0 0.79375 0.5833333328125 0.946875 0.6270833328125 0.8453125 0.5833333328125 0.7546875 0.5625 0.6296875 0.5520833328125 0.5828125 0.5729166671875 0.58125 0.5833333328125 0.609375 0.5666666671875 0.65 0.5625 0.79375 0.5833333328125
0 0.7953125 0.3625 0.653125 0.4625 0.63125 0.48125 0.6359375 0.4916666671875 0.6203125 0.49583333281249997 0.6078125 0.5104166671875 0.6 0.5270833328125 0.715625 0.43333333281249997 0.971875 0.2708333328125 0.7953125 0.3625
0 0.95625 0.3416666671875 0.9921875 0.31875 0.9360795453125 0.33969696875 0.94375 0.3458333328125 0.95625 0.3416666671875
0 0.6296875 0.5 0.5984375 0.53125 0.5984375 0.5458333328125 0.653125 0.4916666671875 0.928125 0.3541666671875 0.9358258921875 0.3397916671875 0.9140625 0.3479166671875 0.684375 0.4625 0.6296875 0.5
0 0.73125 0.1291666671875 0.65625 0.2854166671875 0.5875 0.46666666718750005 0.578125 0.5041666671875 0.5859375 0.5020833328125 0.6375 0.3791666671875 0.73125 0.1291666671875
0 0.7875 0.2645833328125 0.684375 0.38125 0.584375 0.51875 0.5796875 0.5291666671875 0.5875 0.5270833328125 0.7234375 0.3583333328125 0.7875 0.2645833328125
0 0.2140625 0.3604166671875 0.5140625 0.5395833328124999 0.5078125 0.5208333328125 0.4734375 0.49583333281249997 0.2140625 0.3604166671875
0 0.328125 0.3104166671875 0.4125 0.425 0.509375 0.525 0.5 0.5041666671875 0.296875 0.24583333281250003 0.275 0.1875 0.2875 0.24583333281250003 0.328125 0.3104166671875
0 0.5390625 0.5145833328125 0.5015625 0.40625 0.4421875 0.24375 0.3890625 0.12291666718750001 0.459375 0.34375 0.5328125 0.5375 0.546875 0.55625 0.5390625 0.5145833328125
0 0.521875 0.34375 0.4921875 0.22916666718749998 0.5109375 0.3895833328125 0.5296875 0.46458333281249997 0.5359375 0.47083333281249995 0.521875 0.34375
0 0.5453125 0.41875 0.515625 0.15 0.528125 0.4 0.5359375 0.48333333281249996 0.5453125 0.5020833328125 0.5453125 0.41875
0 0.55 0.2541666671875 0.546875 0.3958333328125 0.553125 0.4458333328125 0.5578125 0.3958333328125 0.55 0.2541666671875
0 0.584375 0.3770833328125 0.6171875 0.1604166671875 0.621875 0.0916666671875 0.6125 0.10625 0.5765625 0.3104166671875 0.5640625 0.4458333328125 0.5671875 0.5125 0.5734375 0.5104166671875 0.584375 0.3770833328125