0 0.628125 0.5979166671875 0.515625 0.5520833328125 0.5046875 0.5458333328125 0.5015625 0.5333333328125 0.4734375 0.53125 0.478125 0.5458333328125 0.6015625 0.61875 0.8109375 0.7020833328125 0.628125 0.5979166671875
0 0.5390625 0.55625 0.678125 0.55625 0.6203125 0.5416666671875 0.4796875 0.525 0.4734375 0.5270833328125 0.4734375 0.5416666671875 0.484375 0.5354166671875 0.5390625 0.55625
0 0.56875 0.4270833328125 0.4859375 0.4916666671875 0.475 0.5104166671875 0.615625 0.43125 0.8078125 0.3 0.56875 0.4270833328125
0 0.534375 0.24375 0.4625 0.46666666718750005 0.4625 0.50625 0.46875 0.5083333328124999 0.5015625 0.40833333281249995 0.534375 0.24375
0 0.5796875 0.1770833328125 0.5171875 0.3270833328125 0.5140625 0.3583333328125 0.5875 0.1979166671875 0.6328125 0.014583332812499999 0.5796875 0.1770833328125
0 0.425 0.3791666671875 0.421875 0.3875 0.4578125 0.5270833328125 0.453125 0.45208333281249996 0.425 0.3791666671875
0 0.465625 0.5458333328125 0.45625 0.55 0.4546875 0.59375 0.4546875 0.9125 0.4625 0.9979166671874999 0.4703125 0.7854166671875 0.465625 0.5458333328125
0 0.44375 0.61875 0.4421875 0.6041666671875 0.4296875 0.61875 0.4 0.7270833328124999 0.3546875 0.98125 0.353125 0.9979166671874999 0.359375 0.9979166671874999 0.4125 0.7791666671875 0.44375 0.61875
0 0.44375 0.5416666671875 0.2125 0.71875 0.1953125 0.7333333328125 0.3796875 0.6125 0.4421875 0.5541666671875001 0.44375 0.5416666671875
0 0.428125 0.5416666671875 0.246875 0.5979166671875 0.08125 0.6875 0.075 0.69375 0.29375 0.6104166671875 0.4171875 0.55625 0.428125 0.5416666671875
0 0.4140625 0.5270833328125 0.4359375 0.51875 0.36875 0.5 0.30625 0.46666666718750005 0.1890625 0.42083333281249996 0.0421875 0.3416666671875 0.1640625 0.425 0.2828125 0.4875 0.3578125 0.5166666671875 0.4140625 0.5270833328125
0 0.434375 0.5125 0.4421875 0.5083333328124999 0.2984375 0.35208333281250004 0.2 0.27291666718749996 0.1953125 0.2708333328125 0.3546875 0.44166666718750003 0.4109375 0.49583333281249997 0.434375 0.5125
0 0.4234375 0.48333333281249996 0.4421875 0.49583333281249997 0.4109375 0.43541666718750005 0.2859375 0.2541666671875 0.1984375 0.1395833328125 0.2265625 0.19583333281249998 0.340625 0.3770833328125 0.4234375 0.48333333281249996