0 0.5578125 0.5958333328125 0.546875 0.5916666671875 0.540625 0.5979166671875 0.5375 0.6395833328125 0.5359375 0.725 0.5609375 0.9979166671874999 0.5640625 0.89375 0.5578125 0.5958333328125
0 0.484375 0.6104166671875 0.45 0.65 0.434375 0.6541666671875 0.40625 0.6833333328125 0.3015625 0.8270833328125 0.3171875 0.8208333328125 0.4375 0.6958333328124999 0.5265625 0.5916666671875 0.484375 0.6104166671875
0 0.4953125 0.5979166671875 0.5046875 0.5979166671875 0.5046875 0.5833333328125 0.4609375 0.5979166671875 0.15 0.8895833328125 0.14375 0.9 0.4078125 0.6791666671875001 0.446875 0.6333333328124999 0.4953125 0.5979166671875
0 0.5125 0.46875 0.4578125 0.39791666718749996 0.309375 0.22916666718749998 0.4703125 0.4479166671875 0.53125 0.525 0.5453125 0.5291666671875 0.5125 0.46875
0 0.5546875 0.5229166671875001 0.5515625 0.4916666671875 0.496875 0.3270833328125 0.49375 0.35208333281250004 0.5 0.39375 0.534375 0.49375 0.5546875 0.5229166671875001
0 0.509375 0.4145833328125 0.49375 0.35208333281250004 0.4984375 0.31875 0.4375 0.1145833328125 0.43125 0.058333332812500006 0.428125 0.054166667187499996 0.4296875 0.11875 0.4890625 0.36875 0.509375 0.4145833328125
0 0.5390625 0.34375 0.5421875 0.425 0.55625 0.51875 0.5546875 0.45625 0.5390625 0.34375
0 0.5640625 0 0.5515625 0.20833333281250002 0.55 0.3958333328125 0.5609375 0.42083333281249996 0.571875 0.3 0.5640625 0
0 0.565625 0.35625 0.5671875 0.43125 0.5765625 0.3645833328125 0.575 0.2625 0.565625 0.35625
0 0.571875 0.40208333281249997 0.5734375 0.50625 0.5859375 0.4291666671875 0.615625 0.1041666671875 0.571875 0.40208333281249997
0 0.73125 0.13333333281249998 0.6390625 0.3291666671875 0.6140625 0.40625 0.6109375 0.42083333281249996 0.6546875 0.3145833328125 0.703125 0.22291666718749997 0.73125 0.13333333281249998
0 0.8390625 0 0.7609375 0.12291666718750001 0.66875 0.2958333328125 0.6578125 0.30625 0.5984375 0.46666666718750005 0.59375 0.5020833328125 0.6015625 0.49583333281249997 0.6578125 0.35208333281250004 0.8390625 0
0 0.653125 0.49791666718750005 0.640625 0.4916666671875 0.640625 0.46875 0.8859375 0.16458333281249998 0.7359375 0.3270833328125 0.625 0.46666666718750005 0.596875 0.5083333328124999 0.596875 0.525 0.61875 0.5208333328125 0.653125 0.49791666718750005
0 0.653125 0.4791666671875 0.60625 0.5145833328125 0.5984375 0.5270833328125 0.6765625 0.4875 0.7671875 0.41875 0.653125 0.4791666671875
0 0.81875 0.53125 0.66875 0.5229166671875001 0.621875 0.5354166671875 0.6125 0.5458333328125 0.684375 0.5354166671875 0.9984375 0.58125 0.81875 0.53125
0 0.9875 0.6875 0.9203125 0.65 0.73125 0.5729166671875 0.6546875 0.55 0.6125 0.5541666671875001 0.609375 0.5583333328125 0.65 0.5604166671875 0.7734375 0.6125 0.9875 0.6875