0 0 0.6916666671875 0.184375 0.6979166671875 0.2625 0.6854166671875 0.403125 0.6333333328124999 0.490625 0.6395833328125 0.4765625 0.6229166671875 0.4015625 0.61875 0.190625 0.6875 0.0390625 0.68125 0 0.6833333328125 0 0.6916666671875
0 0 0.5916666671875 0.228125 0.6104166671875 0.3890625 0.5895833328125 0.45625 0.5958333328125 0.4546875 0.5833333328125 0.428125 0.575 0.346875 0.5729166671875 0 0.5854166671875001 0 0.5916666671875
0 0.384375 0.5041666671875 0.3828125 0.5125 0.396875 0.5291666671875 0.4 0.5145833328125 0.384375 0.5041666671875
0 0.375 0.5041666671875 0.3171875 0.47291666718750003 0.30625 0.4791666671875 0.24375 0.45416666718750004 0.0921875 0.45 0.0859375 0.45208333281249996 0.23125 0.46458333281249997 0.35625 0.5125 0.375 0.5041666671875
0 0.415625 0.5375 0.4171875 0.525 0.4109375 0.51875 0.2296875 0.42083333281249996 0.0265625 0.3375 0.246875 0.4458333328125 0.265625 0.4583333328125 0.259375 0.47291666718750003 0.415625 0.5375
0 0.434375 0.5041666671875 0.3859375 0.43333333281249997 0.3109375 0.3416666671875 0.290625 0.29375 0.271875 0.2833333328125 0.275 0.2770833328125 0.2671875 0.2791666671875 0.2796875 0.3083333328125 0.4328125 0.5125 0.434375 0.5041666671875
0 0.35625 0.3645833328125 0.4734375 0.525 0.4828125 0.5291666671875 0.378125 0.36666666718749996 0.228125 0.23333333281250002 0.2234375 0.23125 0.2796875 0.30416666718749996 0.3015625 0.3083333328125 0.35625 0.3645833328125
0 0.5015625 0.49791666718750005 0.4734375 0.2875 0.453125 0.19583333281249998 0.475 0.40208333281249997 0.4890625 0.48333333281249996 0.49375 0.49791666718750005 0.5015625 0.49791666718750005
0 0.5609375 0.45208333281249996 0.6078125 0.3291666671875 0.6359375 0.22291666718749997 0.6296875 0.225 0.5984375 0.2979166671875 0.546875 0.4375 0.528125 0.5041666671875 0.5296875 0.525 0.5421875 0.48125 0.5609375 0.45208333281249996
0 0.51875 0.5479166671875 0.521875 0.42083333281249996 0.5171875 0.35 0.50625 0.2479166671875 0.4875 0.1729166671875 0.4828125 0.1604166671875 0.490625 0.24513958281249998 0.49375 0.4 0.51875 0.5479166671875
0 0.7125 0.3854166671875 0.8234375 0.2208333328125 0.8765625 0.11875 0.7796875 0.2625 0.596875 0.5 0.5984375 0.5104166671875 0.609375 0.5020833328125 0.678125 0.43125 0.7125 0.3854166671875
0 0.6453125 0.5604166671875 0.8140625 0.5166666671875 0.9078125 0.48125 0.9984375 0.4375 0.9984375 0.4166666671875 0.6859375 0.5229166671875001 0.5921875 0.5708333328124999 0.5453125 0.6125 0.54375 0.61875 0.553125 0.6166666671875001 0.5875 0.5875 0.6453125 0.5604166671875
0 0.596875 0.4166666671875 0.6015625 0.3895833328125 0.5515625 0.48125 0.54375 0.5125 0.56875 0.48333333281249996 0.5765625 0.45416666718750004 0.596875 0.4166666671875
0 0.74375 0.0645833328125 0.69375 0.1895833328125 0.678125 0.20625 0.6640625 0.23958333281250002 0.6359375 0.3104166671875 0.61875 0.3854166671875 0.615625 0.4125 0.709375 0.19583333281249998 0.7546875 0.05625 0.74375 0.0645833328125
0 0.60625 0.44166666718750003 0.6265625 0.35 0.646875 0.17916666718750002 0.640625 0.1854166671875 0.625 0.30416666718749996 0.596875 0.4166666671875 0.5671875 0.50625 0.5375 0.5666666671875 0.5359375 0.5729166671875 0.5421875 0.575 0.553125 0.5645833328125 0.60625 0.44166666718750003