0 0.4921875 0.74375 0.4546875 0.7854166671875 0.4046875 0.9458333328125 0.403125 0.9625 0.503125 0.7541666671875 0.5 0.7458333328125 0.4921875 0.74375
0 0.778125 0.7020833328125 0.846875 0.6916666671875 0.6828125 0.6770833328125 0.625 0.6770833328125 0.5765625 0.6895833328125 0.5734375 0.7020833328125 0.60625 0.7083333328125 0.6875 0.7 0.778125 0.7020833328125
0 0.8375 0.6125 0.946875 0.5645833328125 0.9984375 0.5354166671875 0.9984375 0.525 0.878125 0.5833333328125 0.64375 0.6354166671875 0.6 0.6666666671875 0.5875 0.68125 0.6078125 0.6791666671875001 0.6578125 0.6458333328125 0.8375 0.6125
0 0.6890625 0.44166666718750003 0.7375 0.3020833328125 0.6984375 0.39375 0.571875 0.6458333328125 0.5703125 0.6520833328125 0.590625 0.6291666671875 0.6375 0.55 0.6890625 0.44166666718750003
0 0.578125 0.5895833328125 0.646875 0.4145833328125 0.6984375 0.2479166671875 0.6078125 0.45208333281249996 0.5671875 0.5666666671875 0.5359375 0.6895833328125 0.534375 0.7208333328125 0.5484375 0.6916666671875 0.55625 0.65 0.578125 0.5895833328125
0 0.621875 0.23541666718749998 0.5296875 0.6291666671875 0.5296875 0.6520833328125 0.546875 0.6104166671875 0.584375 0.4604166671875 0.621875 0.23541666718749998
0 0.5234375 0.5145833328125 0.534375 0.3854166671875 0.553125 0.28958333281250004 0.525 0.375 0.5109375 0.46458333281249997 0.5078125 0.6229166671875 0.5109375 0.6375 0.525 0.6375 0.5234375 0.5145833328125
0 0.4765625 0.6479166671875001 0.4875 0.66875 0.4984375 0.6666666671875 0.4375 0.475 0.3578125 0.2958333328125 0.3515625 0.28958333281250004 0.4140625 0.475 0.46875 0.6125 0.4765625 0.6479166671875001
0 0.484375 0.64375 0.46875 0.6291666671875 0.40625 0.5104166671875 0.33125 0.3895833328125 0.4171875 0.56875 0.4671875 0.65 0.4828125 0.6645833328124999 0.484375 0.64375
0 0.4609375 0.6958333328124999 0.415625 0.6520833328125 0.33125 0.6125 0.2203125 0.5833333328125 0.1109375 0.5729166671875 0.1109375 0.5791666671875 0.165625 0.5875 0.334375 0.6375 0.4609375 0.6958333328124999
0 0.459375 0.7041666671875 0.4578125 0.6979166671875 0.396875 0.6791666671875001 0.2859375 0.65625 0.1140625 0.65 0.09375 0.6541666671875 0.2578125 0.6708333328125 0.4296875 0.70625 0.459375 0.7041666671875