0 0.653125 0.9 0.7234375 0.9979166671874999 0.7421875 0.9979166671874999 0.7125 0.9541666671875 0.66875 0.8645833328125001 0.6109375 0.7854166671875 0.5359375 0.7104166671875001 0.5046875 0.6875 0.49375 0.6875 0.4921875 0.7 0.534375 0.7270833328124999 0.5859375 0.7875 0.653125 0.9
0 0.528125 0.9979166671874999 0.509375 0.84375 0.4828125 0.7104166671875001 0.4765625 0.68125 0.4640625 0.68125 0.46875 0.7645833328125 0.5046875 0.9875 0.5078125 0.9979166671874999 0.528125 0.9979166671874999
0 0.434375 0.6729166671875 0.4 0.7458333328125 0.375 0.9041666671874999 0.371875 0.9583333328125001 0.428125 0.725 0.45 0.6708333328125 0.434375 0.6729166671875
0 0.3484375 0.68125 0.3671875 0.6666666671875 0.4421875 0.6604166671875 0.409375 0.6458333328125 0.3203125 0.6604166671875 0.1640625 0.7208333328125 0.0046875 0.8125 0.0015625 0.8166666671874999 0.0078125 0.8208333328125 0.1234375 0.75625 0.3484375 0.68125
0 0.4046875 0.5979166671875 0.3046875 0.54375 0.153125 0.4875 0.1421875 0.4875 0.3953125 0.6083333328125 0.4125 0.6083333328125 0.4046875 0.5979166671875
0 0.290625 0.5041666671875 0.4015625 0.5833333328125 0.4171875 0.6083333328125 0.4296875 0.60625 0.428125 0.5854166671875001 0.4171875 0.5833333328125 0.4140625 0.56875 0.315625 0.49375 0.1171875 0.3916666671875 0.0421875 0.3625 0.0390625 0.36875 0.0484375 0.375 0.0890625 0.3895833328125 0.290625 0.5041666671875
0 0.4296875 0.5604166671875 0.428125 0.5375 0.4109375 0.4916666671875 0.2640625 0.1875 0.2578125 0.175 0.3375 0.3854166671875 0.3828125 0.48333333281249996 0.4296875 0.5604166671875
0 0.44375 0.5083333328124999 0.384375 0.3104166671875 0.365625 0.2604166671875 0.4421875 0.5770833328125 0.4484375 0.5604166671875 0.44375 0.5083333328124999
0 0.4421875 0.4583333328125 0.45625 0.5166666671875 0.459375 0.5666666671875 0.46875 0.59375 0.4671875 0.5270833328125 0.453125 0.45625 0.3734375 0.1541666671875 0.36875 0.14375 0.39375 0.24583333281250003 0.4109375 0.3625 0.4421875 0.4583333328125
0 0.5734375 0.0625 0.5078125 0.35208333281250004 0.4796875 0.54375 0.478125 0.5604166671875 0.484375 0.56875 0.5421875 0.2916666671875 0.5734375 0.0625
0 0.625 0.3541666671875 0.503125 0.5645833328125 0.5 0.58125 0.56875 0.4895833328125 0.6953125 0.2479166671875 0.625 0.3541666671875
0 0.778125 0.48541666718750004 0.9015625 0.4145833328125 0.6625 0.5083333328124999 0.6 0.54375 0.546875 0.5833333328125 0.5375 0.5979166671875 0.5296875 0.5979166671875 0.525 0.6125 0.515625 0.6125 0.5140625 0.6208333328125 0.525 0.61875 0.5953125 0.575 0.778125 0.48541666718750004
0 0.4953125 0.65 0.5328125 0.6291666671875 0.6828125 0.6229166671875 0.740625 0.63125 0.7640625 0.61875 0.6484375 0.6020833328124999 0.5515625 0.6041666671875 0.5390625 0.6125 0.525 0.6041666671875 0.5125 0.6125 0.496875 0.63125 0.4734375 0.6395833328125 0.4734375 0.6479166671875001 0.4953125 0.65