0 0.5640625 0.7145833328125 0.5515625 0.7145833328125 0.5171875 0.74375 0.3625 0.95 0.359375 0.9645833328125001 0.5296875 0.80625 0.575 0.725 0.5640625 0.7145833328125
0 0.04375 0.96875 0.0703125 0.9645833328125001 0.078125 0.9479166671874999 0.1015625 0.94375 0.1984375 0.8791666671874999 0.3734375 0.78125 0.4375 0.7541666671875 0.5078125 0.7541666671875 0.5125 0.74375 0.4796875 0.73125 0.4375 0.7333333328125 0.26875 0.7895833328124999 0.18125 0.8395833328125001 0.053125 0.9416666671874999 0.04375 0.9583333328125001 0.0078125 0.9833333328125 0.0078125 0.9916666671875 0.04375 0.96875
0 0.403125 0.7333333328125 0.4171875 0.71875 0.5375 0.7041666671875 0.51875 0.6916666671875 0.4546875 0.68125 0.38125 0.6875 0.3234375 0.7041666671875 0.2015625 0.7583333328124999 0.0015625 0.8791666671874999 0 0.9020833328125001 0.0078125 0.9020833328125001 0.3296875 0.7541666671875 0.403125 0.7333333328125
0 0.4984375 0.61875 0.5390625 0.65625 0.5421875 0.6333333328124999 0.5359375 0.59375 0.51875 0.6104166671875 0.471875 0.5083333328124999 0.40625 0.39791666718749996 0.3609375 0.3333333328125 0.2609375 0.22916666718749998 0.25625 0.23125 0.2921875 0.2666666671875 0.475 0.5645833328125 0.4984375 0.61875
0 0.446875 0.5645833328125 0.5125 0.64375 0.5296875 0.6854166671875 0.553125 0.7 0.55 0.6833333328125 0.525 0.6395833328125 0.48125 0.5875 0.4203125 0.48541666718750004 0.309375 0.3270833328125 0.30625 0.33125 0.3171875 0.35208333281250004 0.3859375 0.45625 0.446875 0.5645833328125
0 0.5046875 0.54375 0.5296875 0.6458333328125 0.5390625 0.6604166671875 0.540625 0.60625 0.484375 0.3625 0.446875 0.2375 0.378125 0.05 0.3734375 0.05 0.3765625 0.075 0.428125 0.2916666671875 0.5046875 0.54375
0 0.6078125 0.31875 0.61875 0.25 0.6203125 0.125 0.58125 0.40833333281249995 0.578125 0.5375 0.5875 0.54375 0.603125 0.44166666718750003 0.6078125 0.31875
0 0.7625 0.44375 0.8828125 0.20416666718749998 0.8875 0.18125 0.8015625 0.33541666718749996 0.6671875 0.5416666671875 0.6015625 0.66875 0.5953125 0.6958333328124999 0.615625 0.6729166671875 0.671875 0.5708333328124999 0.7625 0.44375
0 0.9390625 0.79375 0.9984375 0.8041666671875 0.9984375 0.7833333328125 0.959375 0.7770833328125 0.775 0.7083333328125 0.68125 0.6979166671875 0.6265625 0.71875 0.6265625 0.7333333328125 0.646875 0.7229166671875 0.709375 0.71875 0.9390625 0.79375
0 0.6078125 0.6020833328124999 0.64375 0.4895833328125 0.646875 0.4604166671875 0.596875 0.5770833328125 0.5828125 0.63125 0.5828125 0.6645833328124999 0.5953125 0.6666666671875 0.6046875 0.6458333328125 0.6078125 0.6020833328124999
0 0.740625 0.3291666671875 0.7359375 0.3458333328125 0.7453125 0.3416666671875 0.775 0.2770833328125 0.740625 0.3291666671875
0 0.6375 0.5791666671875 0.7359375 0.3541666671875 0.725 0.3604166671875 0.69375 0.41041666718750003 0.6125 0.5916666671875 0.6109375 0.6145833328125 0.6 0.6375 0.6171875 0.6208333328125 0.6375 0.5791666671875
0 0.5796875 0.6229166671875 0.578125 0.5395833328124999 0.5703125 0.50625 0.575 0.49375 0.5640625 0.46458333281249997 0.55625 0.35625 0.553125 0.35208333281250004 0.55625 0.5 0.5703125 0.6395833328125 0.5796875 0.6229166671875
0 0.7546875 0.64375 0.9 0.575 0.9828125 0.5479166671875 0.9984375 0.5354166671875 0.9984375 0.5 0.8234375 0.5916666671875 0.7765625 0.6020833328124999 0.7171875 0.6291666671875 0.625 0.6833333328125 0.5984375 0.7104166671875001 0.59375 0.7229166671875 0.64375 0.7020833328125 0.715625 0.6541666671875 0.7546875 0.64375