0 0.6671875 0.4270833328125 0.928125 0.2541666671875 0.8015625 0.31875 0.675 0.39791666718749996 0.5703125 0.49375 0.515625 0.5666666671875 0.5046875 0.5958333328125 0.5109375 0.5958333328125 0.5578125 0.5270833328125 0.6671875 0.4270833328125
0 0.4234375 0.59375 0.4171875 0.5875 0.3875 0.5916666671875 0.3296875 0.6291666671875 0.2796875 0.6895833328125 0.2234375 0.7833333328125 0.21875 0.7979166671875 0.2765625 0.7166666671875 0.3140625 0.6791666671875001 0.4234375 0.59375
0 0.3453125 0.5166666671875 0.3859375 0.55625 0.4078125 0.5604166671875 0.34375 0.49375 0.2984375 0.4625 0.16875 0.40416666718750005 0.0640625 0.3791666671875 0.040625 0.3791666671875 0.190625 0.43125 0.2953125 0.48333333281249996 0.3453125 0.5166666671875
0 0.4640625 0.59375 0.45 0.55 0.4078125 0.4625 0.246875 0.20208333281250002 0.2390625 0.20208333281250002 0.2375 0.1895833328125 0.2265625 0.19583333281249998 0.2234375 0.1833333328125 0.2140625 0.18125 0.315625 0.35625 0.4203125 0.5166666671875 0.4484375 0.5770833328125 0.4640625 0.59375
0 0 0.4291666671875 0.1078125 0.4895833328125 0.3546875 0.5604166671875 0.4171875 0.59375 0.4546875 0.59375 0.4109375 0.5625 0.1609375 0.4895833328125 0.0078125 0.42083333281249996 0 0.42083333281249996 0 0.4291666671875
0 0.4625 0.3479166671875 0.4203125 0.1354166671875 0.425 0.2125 0.459375 0.4791666671875 0.46875 0.4916666671875 0.4625 0.3479166671875
0 0.396875 0.2166666671875 0.4671875 0.5541666671875001 0.4546875 0.41875 0.4328125 0.325 0.396875 0.2166666671875
0 0.4953125 0.4895833328125 0.50625 0.34375 0.5171875 0 0.490625 0.3395833328125 0.478125 0.525 0.48125 0.56875 0.4875 0.55625 0.4953125 0.4895833328125
0 0.5453125 0.3416666671875 0.578125 0.25 0.59375 0.1520833328125 0.5625 0.25625 0.5 0.40833333281249995 0.49375 0.4625 0.5015625 0.4583333328125 0.5125 0.40833333281249995 0.5453125 0.3416666671875
0 0.525 0.5083333328124999 0.5515625 0.44166666718750003 0.5609375 0.425 0.58125 0.4125 0.5875 0.38333333281250004 0.6296875 0.3291666671875 0.7828125 0.0625 0.6705359375 0.22053541718749997 0.6390625 0.2541666671875 0.628125 0.2854166671875 0.5484375 0.41041666718750003 0.5140625 0.5 0.4921875 0.575 0.5 0.5854166671875001 0.53125 0.5145833328125 0.525 0.5083333328124999
0 0.6390625 0.2479166671875 0.6375 0.2645833328125 0.6796875 0.1708333328125 0.6953125 0.10833333281249999 0.6390625 0.2479166671875
0 0.5953125 0.3791666671875 0.63125 0.32083333281250004 0.6140625 0.32083333281250004 0.6 0.3375 0.571875 0.42291666718750004 0.528125 0.5166666671875 0.55 0.4916666671875 0.5953125 0.3791666671875