0 0.771875 0.6708333328125 0.8984375 0.6291666671875 0.9671875 0.6208333328125 0.98125 0.6041666671875 0.690625 0.6583333328125 0.5625 0.69375 0.5078125 0.71875 0.4546875 0.7708333328125 0.4484375 0.7916666671875 0.5 0.7375 0.5515625 0.7125 0.771875 0.6708333328125
0 0.628125 0.3645833328125 0.5796875 0.46666666718750005 0.53125 0.5458333328125 0.54375 0.5395833328124999 0.5828125 0.48333333281249996 0.646875 0.3416666671875 0.628125 0.3645833328125
0 0.4875 0.4125 0.4421875 0.5895833328125 0.4375 0.6645833328124999 0.478125 0.5145833328125 0.5109375 0.3479166671875 0.4875 0.4125
0 0.4140625 0.6604166671875 0.4 0.61875 0.278125 0.3416666671875 0.3375 0.5020833328125 0.3953125 0.63125 0.4140625 0.69375 0.4140625 0.6604166671875
0 0.3875 0.6770833328125 0.3171875 0.5875 0.2125 0.4875 0.2078125 0.4875 0.271875 0.56875 0.365625 0.66875 0.3875 0.6770833328125
0 0.240625 0.6958333328124999 0.059375 0.7083333328125 0.3859375 0.71875 0.3859375 0.7125 0.3453125 0.7020833328125 0.240625 0.6958333328124999
0 0.3328125 0.6916666671875 0.2515625 0.675 0.0046875 0.6833333328125 0 0.6916666671875 0.2453125 0.6916666671875 0.26875 0.7020833328125 0.3328125 0.6916666671875
0 0 0.61875 0.271875 0.6645833328124999 0.3171875 0.6875 0.3359375 0.6854166671875 0.3171875 0.6666666671875 0.2609375 0.64375 0.046875 0.6083333328125 0 0.6083333328125 0 0.61875
0 0.115625 0.5625 0.109375 0.5645833328125 0.2921875 0.65 0.2203125 0.6041666671875 0.115625 0.5625
0 0.290625 0.64375 0.365625 0.6916666671875 0.3921875 0.6916666671875 0.4015625 0.7041666671875 0.396875 0.6833333328125 0.3796875 0.6645833328124999 0.3625 0.6666666671875 0.3578125 0.6541666671875 0.3 0.6354166671875 0.1609375 0.5458333328125 0.0125 0.48125 0.1171875 0.5458333328125 0.2109375 0.5895833328125 0.240625 0.6270833328125 0.290625 0.64375
0 0.4265625 0.7229166671875 0.434375 0.6625 0.4359375 0.43125 0.4328125 0.4604166671875 0.4171875 0.48125 0.4203125 0.7104166671875001 0.4265625 0.7229166671875
0 0.621875 0.47291666718750003 0.7484375 0.2854166671875 0.6328125 0.43125 0.596875 0.48333333281249996 0.609375 0.48541666718750004 0.6140625 0.46875 0.621875 0.47291666718750003
0 0.6 0.49791666718750005 0.6984375 0.40833333281249995 0.76875 0.33125 0.6703125 0.4166666671875 0.6359375 0.4270833328125 0.6359375 0.43541666718750005 0.628125 0.4375 0.4859375 0.6104166671875 0.45 0.7020833328125 0.4484375 0.7208333328125 0.45625 0.7208333328125 0.4921875 0.6416666671875 0.6 0.49791666718750005
0 0.578125 0.3229166671875 0.565625 0.34375 0.4859375 0.575 0.475 0.6145833328125 0.484375 0.6041666671875 0.5328125 0.475 0.578125 0.3229166671875
0 0.5109375 0.44166666718750003 0.4828125 0.50625 0.44375 0.6458333328125 0.440625 0.6770833328125 0.4453125 0.6875 0.4875 0.5666666671875 0.5109375 0.44166666718750003