0 0 0.6270833328125 0.090625 0.6541666671875 0.2359375 0.68125 0.453125 0.6770833328125 0.49375 0.6916666671875 0.5234375 0.7125 0.53125 0.7083333328125 0.5265625 0.69375 0.5109375 0.68125 0.4390625 0.6583333328125 0.3234375 0.6541666671875 0.0203125 0.6166666671875001 0 0.6166666671875001 0 0.6270833328125
0 0 0.5041666671875 0.0734375 0.5354166671875 0.209375 0.5770833328125 0.2953125 0.6166666671875001 0.453125 0.6625 0.3734375 0.6145833328125 0.2421875 0.5583333328125 0.00625 0.4875 0 0.4875 0 0.5041666671875
0 0.5203125 0.6395833328125 0.4875 0.59375 0.428125 0.5375 0.29375 0.425 0.15 0.32083333281250004 0.1453125 0.3270833328125 0.228125 0.3916666671875 0.3375 0.49791666718750005 0.5203125 0.6395833328125
0 0.5296875 0.6208333328125 0.5328125 0.6125 0.525 0.5979166671875 0.3921875 0.36875 0.2796875 0.2166666671875 0.33125 0.3270833328125 0.3984375 0.42291666718750004 0.509375 0.6083333328125 0.5296875 0.6208333328125
0 0.7234375 0.6166666671875001 0.8828125 0.66875 0.9984375 0.6958333328124999 0.9984375 0.675 0.99375 0.6729166671875 0.7359375 0.60625 0.684375 0.6041666671875 0.646875 0.6166666671875001 0.6109375 0.6583333328125 0.6125 0.6875 0.640625 0.6375 0.675 0.61875 0.7234375 0.6166666671875001
0 0.6625 0.6229166671875 0.6625 0.6125 0.6921875 0.5979166671875 0.6984375 0.5875 0.73125 0.5708333328124999 0.778125 0.5604166671875 0.85 0.5666666671875 0.975 0.6229166671875 0.928125 0.5875 0.871875 0.5604166671875 0.834375 0.55 0.7671875 0.5479166671875 0.6921875 0.5729166671875 0.653125 0.6041666671875 0.6234375 0.6395833328125 0.6125 0.6625 0.621875 0.6625 0.6453125 0.63125 0.6625 0.6229166671875
0 0.846875 0.28958333281250004 0.9703125 0.11875 0.9421875 0.1375 0.728125 0.3791666671875 0.6796875 0.45 0.65625 0.47291666718750003 0.609375 0.5625 0.596875 0.6041666671875 0.5953125 0.625 0.6015625 0.6270833328125 0.646875 0.5270833328125 0.846875 0.28958333281250004
0 0.6484375 0.48333333281249996 0.734375 0.1875 0.7234375 0.20208333281250002 0.68125 0.325 0.6625 0.40208333281249997 0.625 0.5104166671875 0.6265625 0.5229166671875001 0.6484375 0.48333333281249996
0 0.5609375 0.5625 0.546875 0.43125 0.525 0.29375 0.515625 0.2708333328125 0.5484375 0.61875 0.5640625 0.6354166671875 0.5578125 0.6166666671875001 0.5609375 0.5625
0 0.584375 0.46666666718750005 0.5875 0.33125 0.6015625 0.14791666718750002 0.5671875 0.39375 0.5703125 0.49791666718750005 0.575 0.48541666718750004 0.58125 0.48541666718750004 0.584375 0.46666666718750005
0 0.45625 0.4916666671875 0.4296875 0.45625 0.328125 0.35208333281250004 0.3734375 0.4166666671875 0.4703125 0.5270833328125 0.4578125 0.5104166671875 0.45625 0.4916666671875