0 0.66875 0.9979166671874999 0.54375 0.71875 0.4953125 0.625 0.478125 0.6166666671875001 0.4703125 0.61875 0.525 0.7708333328125 0.6453125 0.9916666671875 0.66875 0.9979166671874999
0 0.45625 0.5833333328125 0.4484375 0.5770833328125 0.4171875 0.58125 0.3484375 0.625 0.24375 0.71875 0.2671875 0.7125 0.3703125 0.6354166671875 0.45625 0.5833333328125
0 0.3 0.5979166671875 0.41875 0.5833333328125 0.384375 0.5666666671875 0.309375 0.56875 0.13125 0.6458333328125 0.0015625 0.71875 0 0.7333333328125 0.0953125 0.6854166671875 0.240625 0.63125 0.3 0.5979166671875
0 0.4125 0.5625 0.4234375 0.5541666671875001 0.384375 0.5166666671875 0.2640625 0.45625 0.0859375 0.3375 0.0015625 0.2666666671875 0 0.3166666671875 0.296875 0.5020833328125 0.353125 0.525 0.4125 0.5625
0 0.3875 0.5083333328124999 0.3265625 0.4625 0.20625 0.4125 0.215625 0.4270833328125 0.34375 0.4875 0.4015625 0.53125 0.3875 0.5083333328124999
0 0.4171875 0.48541666718750004 0.4296875 0.48541666718750004 0.4265625 0.45416666718750004 0.4 0.43541666718750005 0.2484375 0.1895833328125 0.24375 0.1854166671875 0.25625 0.21875 0.3375 0.3645833328125 0.4171875 0.48541666718750004
0 0.315625 0 0.315625 0.014583332812499999 0.346875 0.2166666671875 0.371875 0.325 0.40625 0.4291666671875 0.4015625 0.45625 0.4171875 0.48333333281249996 0.428125 0.48333333281249996 0.428125 0.4479166671875 0.340625 0.09375 0.325 0 0.315625 0
0 0.4671875 0.46875 0.4375 0.0458333328125 0.434375 0.0083333328125 0.4296875 0.0083333328125 0.4265625 0.22291666718749997 0.4453125 0.43333333281249997 0.4625 0.54375 0.4671875 0.46875
0 0.5390625 0.3625 0.653125 0.00625 0.6390625 0.0208333328125 0.571875 0.1875 0.5015625 0.4375 0.5 0.45416666718750004 0.5109375 0.45625 0.5375 0.39375 0.5390625 0.3625
0 0.7375 0.1666666671875 0.7375 0.17916666718750002 0.746875 0.1770833328125 0.815625 0.08333333281250001 0.7375 0.1666666671875
0 0.55625 0.48125 0.5453125 0.46666666718750005 0.546875 0.4583333328125 0.5765625 0.41041666718750003 0.6421875 0.33125 0.734375 0.1916666671875 0.734375 0.18125 0.725 0.18125 0.7109375 0.19583333281249998 0.646875 0.27291666718749996 0.559375 0.39791666718749996 0.515625 0.48125 0.5140625 0.5 0.5421875 0.49791666718750005 0.553125 0.4895833328125 0.55625 0.48125
0 0.5953125 0.44375 0.7640625 0.2270833328125 0.65 0.3395833328125 0.5625 0.4458333328125 0.515625 0.5104166671875 0.53125 0.5104166671875 0.546875 0.49791666718750005 0.5953125 0.44375
0 0.9328125 0.4458333328125 0.8125 0.47291666718750003 0.6875 0.4895833328125 0.5828125 0.5291666671875 0.5859375 0.5375 0.696875 0.5041666671875 0.8125 0.49583333281249997 0.9328125 0.4458333328125
0 0.540625 0.58125 0.615625 0.55 0.709375 0.5333333328125 0.828125 0.525 0.9828125 0.49791666718750005 0.9859375 0.4916666671875 0.7078125 0.5041666671875 0.609375 0.5333333328125 0.578125 0.5333333328125 0.5234375 0.5625 0.5 0.5833333328125 0.4953125 0.5979166671875 0.5109375 0.59375 0.5203125 0.58125 0.540625 0.58125
0 0.853125 0.58125 0.909375 0.5958333328125 0.9984375 0.6041666671875 0.9984375 0.5958333328125 0.95625 0.5833333328125 0.76875 0.5458333328125 0.6328125 0.5520833328125 0.5015625 0.5833333328125 0.5 0.6083333328125 0.56875 0.5791666671875 0.64375 0.5708333328124999 0.853125 0.58125