0 0.4140625 0.5810546875 0.0439453125 0.1572265625
0 0.6337890625 0.6357421875 0.048828125 0.138671875
0 0.470703125 0.587890625 0.0478515625 0.1220703125
0 0.451171875 0.7412109375 0.05859375 0.1201171875
0 0.4462890625 0.638671875 0.0498046875 0.0869140625
0 0.521484375 0.8896484375 0.0498046875 0.1513671875
0 0.57421875 0.822265625 0.041015625 0.080078125
0 0.5400390625 0.6552734375 0.0400390625 0.1015625
0 0.578125 0.6962890625 0.02734375 0.103515625
0 0.58984375 0.642578125 0.0380859375 0.08984375
0 0.5009765625 0.705078125 0.041015625 0.072265625
0 0.4755859375 0.794921875 0.0234375 0.0888671875
0 0.5009765625 0.798828125 0.0322265625 0.064453125
0 0.55859375 0.744140625 0.06640625 0.0703125
0 0.5068359375 0.6259765625 0.04296875 0.078125
0 0.546875 0.486328125 0.02734375 0.0224609375
0 0.552734375 0.5283203125 0.0185546875 0.0498046875
0 0.578125 0.5556640625 0.0322265625 0.0400390625
0 0.5166015625 0.529296875 0.0517578125 0.0458984375
0 0.5576171875 0.9033203125 0.0302734375 0.1259765625
0 0.533203125 0.572265625 0.0263671875 0.0244140625
0 0.5556640625 0.5810546875 0.021484375 0.0390625