0 0.7890625 0.576171875 0.0595703125 0.1806640625
0 0.751953125 0.5419921875 0.05078125 0.107421875
0 0.7314453125 0.564453125 0.0361328125 0.0966796875
0 0.6943359375 0.5439453125 0.05078125 0.111328125
0 0.671875 0.578125 0.015625 0.0517578125
0 0.6572265625 0.5498046875 0.02734375 0.107421875
0 0.546875 0.4794921875 0.01953125 0.080078125
0 0.5634765625 0.4384765625 0.03515625 0.1015625
0 0.630859375 0.4130859375 0.0341796875 0.099609375
0 0.6015625 0.44140625 0.05078125 0.1396484375
0 0.4951171875 0.685546875 0.0185546875 0.0703125
0 0.515625 0.6611328125 0.05078125 0.1298828125
0 0.5888671875 0.548828125 0.029296875 0.046875
0 0.5791015625 0.603515625 0.0439453125 0.0810546875
0 0.541015625 0.59765625 0.021484375 0.0361328125
0 0.5966796875 0.75 0.05078125 0.12109375
0 0.6259765625 0.724609375 0.048828125 0.0556640625
0 0.662109375 0.798828125 0.0595703125 0.1533203125
0 0.67578125 0.720703125 0.0224609375 0.052734375
0 0.6220703125 0.578125 0.03515625 0.0478515625
0 0.6494140625 0.6259765625 0.02734375 0.0703125