0 0.2392578125 0.67578125 0.1181640625 0.326171875
0 0.341796875 0.568359375 0.0888671875 0.2275390625
0 0.322265625 0.8408203125 0.130859375 0.318359375
0 0.3779296875 0.794921875 0.130859375 0.2744140625
0 0.4033203125 0.6171875 0.1103515625 0.36328125
0 0.501953125 0.8115234375 0.1005859375 0.21484375
0 0.546875 0.7978515625 0.0693359375 0.1708984375
0 0.583984375 0.818359375 0.068359375 0.201171875
0 0.1640625 0.646484375 0.0380859375 0.201171875
0 0.4892578125 0.34765625 0.0732421875 0.08984375
0 0.64453125 0.5048828125 0.1005859375 0.271484375
0 0.6064453125 0.50390625 0.0810546875 0.291015625
0 0.5322265625 0.5478515625 0.1435546875 0.3701171875