0 0.626953125 0.7265625 0.0888671875 0.212890625
0 0.6962890625 0.765625 0.0810546875 0.23828125
0 0.455078125 0.8681640625 0.1591796875 0.1416015625
0 0.49609375 0.7373046875 0.0791015625 0.0830078125
0 0.5595703125 0.7353515625 0.0419921875 0.203125
0 0.3681640625 0.5791015625 0.0908203125 0.146484375
0 0.42578125 0.693359375 0.0283203125 0.2177734375
0 0.4755859375 0.5908203125 0.08203125 0.19921875
0 0.5556640625 0.5498046875 0.080078125 0.1396484375
0 0.638671875 0.5693359375 0.083984375 0.08984375
0 0.466796875 0.443359375 0.078125 0.0732421875
0 0.5234375 0.4443359375 0.0361328125 0.0439453125