0 0.34765625 0.5478515625 0.125 0.1806640625
0 0.423828125 0.3720703125 0.0546875 0.12109375
0 0.2685546875 0.5791015625 0.0439453125 0.109375
0 0.2939453125 0.7099609375 0.0859375 0.140625
0 0.3486328125 0.7119140625 0.0390625 0.0888671875
0 0.3662109375 0.6796875 0.0556640625 0.0966796875
0 0.41015625 0.6142578125 0.1064453125 0.24609375
0 0.271484375 0.4130859375 0.0634765625 0.0615234375
0 0.5791015625 0.5029296875 0.064453125 0.2314453125
0 0.5185546875 0.46875 0.07421875 0.2001953125
0 0.494140625 0.4951171875 0.046875 0.1025390625
0 0.4501953125 0.4248046875 0.0556640625 0.09375
0 0.357421875 0.419921875 0.0439453125 0.0771484375
0 0.306640625 0.44921875 0.076171875 0.1357421875
0 0.373046875 0.376953125 0.0361328125 0.05859375
0 0.4736328125 0.8095703125 0.0732421875 0.1259765625
0 0.40625 0.8369140625 0.06640625 0.1904296875
0 0.4609375 0.7001953125 0.0185546875 0.0380859375
0 0.5224609375 0.7451171875 0.103515625 0.1220703125