0 0.671875 0.5205078125 0.0546875 0.068359375
0 0.7236328125 0.935546875 0.083984375 0.12890625
0 0.697265625 0.8671875 0.037109375 0.0595703125
0 0.5146484375 0.884765625 0.0546875 0.2138671875
0 0.5830078125 0.7939453125 0.0703125 0.076171875
0 0.5 0.7138671875 0.0390625 0.111328125
0 0.5068359375 0.685546875 0.0361328125 0.095703125
0 0.5498046875 0.6455078125 0.033203125 0.044921875
0 0.5615234375 0.7138671875 0.0498046875 0.072265625
0 0.5712890625 0.6025390625 0.0185546875 0.0830078125
0 0.615234375 0.6083984375 0.0751953125 0.1748046875
0 0.6982421875 0.6875 0.046875 0.1728515625
0 0.7099609375 0.638671875 0.0380859375 0.1005859375
0 0.7470703125 0.67578125 0.0576171875 0.193359375
0 0.6806640625 0.7666015625 0.0498046875 0.0927734375
0 0.64453125 0.861328125 0.078125 0.2451171875