0 0.6884765625 0.751953125 0.0673828125 0.1513671875
0 0.6904296875 0.578125 0.0830078125 0.15234375
0 0.654296875 0.5771484375 0.0537109375 0.111328125
0 0.4697265625 0.7451171875 0.068359375 0.1083984375
0 0.595703125 0.744140625 0.041015625 0.0673828125
0 0.46484375 0.6669921875 0.0244140625 0.0537109375
0 0.50390625 0.552734375 0.0361328125 0.0322265625
0 0.4931640625 0.6025390625 0.029296875 0.0830078125
0 0.5478515625 0.888671875 0.099609375 0.2119140625
0 0.5244140625 0.6962890625 0.0712890625 0.115234375
0 0.54296875 0.59375 0.0634765625 0.0654296875
0 0.580078125 0.7001953125 0.041015625 0.076171875
0 0.6142578125 0.52734375 0.04296875 0.107421875
0 0.58984375 0.576171875 0.037109375 0.072265625
0 0.6328125 0.6435546875 0.0546875 0.109375
0 0.6396484375 0.7216796875 0.056640625 0.0947265625
0 0.6025390625 0.828125 0.0693359375 0.1083984375
0 0.6513671875 0.8994140625 0.0751953125 0.142578125