0 0.380859375 0.515625 0.0498046875 0.1435546875
0 0.55078125 0.4306640625 0.03515625 0.1015625
0 0.5263671875 0.4951171875 0.04296875 0.060546875
0 0.4169921875 0.5595703125 0.0322265625 0.1015625
0 0.4755859375 0.3720703125 0.03125 0.056640625
0 0.537109375 0.6650390625 0.0537109375 0.1455078125
0 0.50390625 0.5947265625 0.03125 0.068359375
0 0.47265625 0.5625 0.025390625 0.0703125
0 0.44140625 0.6337890625 0.04296875 0.10546875
0 0.42578125 0.4609375 0.0419921875 0.0595703125
0 0.4482421875 0.4267578125 0.017578125 0.044921875
0 0.4404296875 0.4462890625 0.03125 0.0498046875
0 0.478515625 0.4755859375 0.0419921875 0.0712890625
0 0.513671875 0.41796875 0.0302734375 0.048828125
0 0.53125 0.5634765625 0.037109375 0.064453125
0 0.5556640625 0.5400390625 0.017578125 0.0712890625
0 0.435546875 0.51171875 0.029296875 0.0693359375
0 0.455078125 0.5224609375 0.0205078125 0.1025390625
0 0.5078125 0.541015625 0.0234375 0.0322265625