0 0.474609375 0.482421875 0.0341796875 0.056640625
0 0.53125 0.5634765625 0.04296875 0.125
0 0.50390625 0.5654296875 0.03515625 0.091796875
0 0.568359375 0.64453125 0.060546875 0.1513671875
0 0.3876953125 0.7998046875 0.04296875 0.091796875
0 0.513671875 0.77734375 0.0849609375 0.2958984375
0 0.564453125 0.818359375 0.0302734375 0.1181640625
0 0.478515625 0.62890625 0.0390625 0.06640625
0 0.45703125 0.7001953125 0.0546875 0.10546875
0 0.4384765625 0.81640625 0.068359375 0.140625
0 0.3974609375 0.5625 0.041015625 0.12890625
0 0.40625 0.490234375 0.029296875 0.0302734375
0 0.4404296875 0.552734375 0.05078125 0.0869140625
0 0.4599609375 0.50390625 0.0244140625 0.0537109375
0 0.4306640625 0.599609375 0.0390625 0.0712890625
0 0.416015625 0.7109375 0.0361328125 0.0625