0 0.326171875 0.830078125 0.064453125 0.2880859375
0 0.5498046875 0.4306640625 0.072265625 0.2099609375
0 0.455078125 0.3330078125 0.0419921875 0.111328125
0 0.505859375 0.390625 0.0400390625 0.126953125
0 0.365234375 0.3662109375 0.0478515625 0.115234375
0 0.341796875 0.4892578125 0.052734375 0.2265625
0 0.3017578125 0.462890625 0.04296875 0.138671875
0 0.353515625 0.5498046875 0.0830078125 0.234375
0 0.380859375 0.630859375 0.0888671875 0.33984375
0 0.337890625 0.654296875 0.0322265625 0.0458984375
0 0.5556640625 0.7177734375 0.0849609375 0.173828125
0 0.515625 0.6220703125 0.0732421875 0.130859375
0 0.4765625 0.650390625 0.0595703125 0.1171875
0 0.4677734375 0.4873046875 0.068359375 0.14453125
0 0.4501953125 0.5205078125 0.0615234375 0.0810546875
0 0.4619140625 0.40234375 0.0654296875 0.0830078125
0 0.4169921875 0.341796875 0.033203125 0.0576171875
0 0.3798828125 0.3740234375 0.041015625 0.05078125