0 0.646484375 0.880859375 0.0703125 0.13671875
0 0.6689453125 0.94140625 0.0625 0.1162109375
0 0.41796875 0.9013671875 0.03125 0.15625
0 0.443359375 0.8466796875 0.0439453125 0.1484375
0 0.51953125 0.8310546875 0.0283203125 0.09765625
0 0.4931640625 0.76171875 0.0888671875 0.2763671875
0 0.4716796875 0.6005859375 0.0673828125 0.10546875
0 0.5107421875 0.5908203125 0.0458984375 0.09375
0 0.5380859375 0.5458984375 0.0224609375 0.0234375
0 0.5693359375 0.5859375 0.05078125 0.0830078125
0 0.5498046875 0.677734375 0.064453125 0.1103515625
0 0.6083984375 0.6884765625 0.080078125 0.1806640625
0 0.638671875 0.7900390625 0.0234375 0.0849609375
0 0.6533203125 0.7724609375 0.0322265625 0.0654296875
0 0.65625 0.6533203125 0.0400390625 0.0830078125
0 0.609375 0.576171875 0.029296875 0.0322265625
0 0.578125 0.7666015625 0.041015625 0.1201171875
0 0.564453125 0.8974609375 0.037109375 0.14453125
0 0.6005859375 0.9091796875 0.0693359375 0.16796875