0 0.3798828125 0.72265625 0.0458984375 0.1142578125
0 0.4150390625 0.6767578125 0.0322265625 0.0322265625
0 0.4384765625 0.7685546875 0.044921875 0.0703125
0 0.490234375 0.7548828125 0.064453125 0.0576171875
0 0.478515625 0.80078125 0.0458984375 0.0576171875
0 0.541015625 0.6796875 0.06640625 0.1435546875
0 0.419921875 0.64453125 0.03125 0.0234375
0 0.484375 0.640625 0.0439453125 0.0751953125
0 0.4521484375 0.6259765625 0.041015625 0.05859375
0 0.4111328125 0.626953125 0.0439453125 0.05859375
0 0.4521484375 0.591796875 0.041015625 0.0244140625