0 0.6279296875 0.8916015625 0.0693359375 0.2158203125
0 0.5673828125 0.83203125 0.091796875 0.1455078125
0 0.7890625 0.599609375 0.1533203125 0.373046875
0 0.7470703125 0.2451171875 0.0556640625 0.171875
0 0.6962890625 0.1982421875 0.0361328125 0.0869140625
0 0.6328125 0.3271484375 0.1416015625 0.2783203125
0 0.697265625 0.361328125 0.0478515625 0.142578125
0 0.6396484375 0.4931640625 0.154296875 0.2275390625
0 0.5166015625 0.7099609375 0.1728515625 0.4169921875
0 0.4140625 0.6591796875 0.076171875 0.138671875
0 0.4912109375 0.5205078125 0.078125 0.0849609375
0 0.6318359375 0.6845703125 0.1171875 0.263671875
0 0.705078125 0.66796875 0.0654296875 0.1611328125
0 0.6708984375 0.185546875 0.021484375 0.0654296875
0 0.5732421875 0.4404296875 0.0478515625 0.080078125