0 0.2373046875 0.8251953125 0.0634765625 0.1826171875
0 0.2861328125 0.7001953125 0.046875 0.1875
0 0.2509765625 0.6337890625 0.1083984375 0.283203125
0 0.2666015625 0.3193359375 0.056640625 0.3251953125
0 0.328125 0.193359375 0.0615234375 0.078125
0 0.3408203125 0.302734375 0.0732421875 0.20703125
0 0.3974609375 0.2958984375 0.10546875 0.259765625
0 0.4912109375 0.3310546875 0.1064453125 0.232421875
0 0.46484375 0.177734375 0.0419921875 0.109375
0 0.4873046875 0.146484375 0.0361328125 0.0791015625
0 0.4443359375 0.119140625 0.064453125 0.1162109375
0 0.5205078125 0.13671875 0.0693359375 0.1884765625
0 0.6357421875 0.279296875 0.0849609375 0.255859375
0 0.576171875 0.2666015625 0.0576171875 0.1640625
0 0.7197265625 0.650390625 0.1640625 0.2958984375
0 0.63671875 0.4658203125 0.1767578125 0.2099609375
0 0.5576171875 0.658203125 0.1083984375 0.4853515625
0 0.6376953125 0.6982421875 0.080078125 0.220703125
0 0.4716796875 0.6103515625 0.2080078125 0.4736328125
0 0.3408203125 0.5048828125 0.1728515625 0.216796875
0 0.353515625 0.716796875 0.150390625 0.291015625
0 0.4306640625 0.9013671875 0.1142578125 0.197265625
0 0.5205078125 0.8837890625 0.0869140625 0.142578125