0 0.578125 0.4482421875 0.03515625 0.1611328125
0 0.6904296875 0.439453125 0.05078125 0.1142578125
0 0.6435546875 0.4306640625 0.0751953125 0.158203125
0 0.61328125 0.365234375 0.064453125 0.0791015625
0 0.45703125 0.654296875 0.0771484375 0.2099609375
0 0.5107421875 0.654296875 0.111328125 0.2734375
0 0.587890625 0.5810546875 0.0712890625 0.115234375
0 0.7197265625 0.3505859375 0.06640625 0.09765625
0 0.796875 0.353515625 0.0478515625 0.056640625
0 0.6923828125 0.8828125 0.068359375 0.130859375
0 0.5380859375 0.8388671875 0.0595703125 0.181640625
0 0.552734375 0.70703125 0.033203125 0.0751953125
0 0.5791015625 0.810546875 0.0869140625 0.2158203125
0 0.6484375 0.728515625 0.142578125 0.26953125
0 0.74609375 0.939453125 0.0986328125 0.0966796875
0 0.8955078125 0.490234375 0.0751953125 0.21875
0 0.8193359375 0.466796875 0.1064453125 0.17578125
0 0.734375 0.4677734375 0.0712890625 0.1201171875
0 0.7080078125 0.5576171875 0.052734375 0.09375
0 0.7958984375 0.541015625 0.0927734375 0.1396484375
0 0.8583984375 0.6162109375 0.0673828125 0.1552734375
0 0.794921875 0.82421875 0.1337890625 0.3515625
0 0.8935546875 0.8369140625 0.1025390625 0.322265625