0 0.2470703125 0.4990234375 0.0439453125 0.2392578125
0 0.279296875 0.498046875 0.0751953125 0.224609375
0 0.353515625 0.5 0.0966796875 0.2490234375
0 0.390625 0.76171875 0.0654296875 0.2275390625
0 0.4296875 0.80859375 0.044921875 0.154296875
0 0.4580078125 0.3134765625 0.0458984375 0.134765625
0 0.5 0.4091796875 0.083984375 0.1591796875
0 0.5625 0.3876953125 0.0947265625 0.1826171875
0 0.6103515625 0.421875 0.05078125 0.2509765625
0 0.642578125 0.7744140625 0.0537109375 0.255859375
0 0.5068359375 0.568359375 0.046875 0.1240234375
0 0.5380859375 0.6162109375 0.06640625 0.0947265625
0 0.42578125 0.6689453125 0.06640625 0.1494140625
0 0.5908203125 0.7158203125 0.0498046875 0.1806640625
0 0.576171875 0.6142578125 0.0361328125 0.0732421875
0 0.6181640625 0.6416015625 0.0419921875 0.078125
0 0.51171875 0.8046875 0.0615234375 0.2578125
0 0.5166015625 0.2783203125 0.0517578125 0.0595703125
0 0.4111328125 0.49609375 0.08203125 0.2294921875