0 0.3525390625 0.546875 0.05859375 0.158203125
0 0.4033203125 0.541015625 0.068359375 0.1416015625
0 0.501953125 0.5244140625 0.060546875 0.15625
0 0.6103515625 0.5537109375 0.0595703125 0.16796875
0 0.5546875 0.529296875 0.0546875 0.1328125
0 0.5263671875 0.431640625 0.0419921875 0.0380859375
0 0.578125 0.4453125 0.0625 0.0478515625
0 0.458984375 0.4150390625 0.0361328125 0.095703125
0 0.470703125 0.380859375 0.0263671875 0.060546875
0 0.443359375 0.359375 0.03515625 0.04296875
0 0.392578125 0.3779296875 0.0341796875 0.0224609375
0 0.373046875 0.41796875 0.0625 0.0927734375
0 0.3837890625 0.71484375 0.041015625 0.1123046875
0 0.41796875 0.6943359375 0.0673828125 0.1298828125
0 0.5361328125 0.7529296875 0.0966796875 0.2314453125
0 0.4775390625 0.6455078125 0.0537109375 0.1201171875
0 0.53515625 0.6044921875 0.05078125 0.0703125