0 0.52734375 0.4443359375 0.0498046875 0.1630859375
0 0.5078125 0.5087890625 0.0654296875 0.2412109375
0 0.462890625 0.48828125 0.05859375 0.1923828125
0 0.400390625 0.5810546875 0.052734375 0.1728515625
0 0.4423828125 0.5947265625 0.0478515625 0.146484375
0 0.423828125 0.466796875 0.03515625 0.0908203125
0 0.595703125 0.8740234375 0.0947265625 0.251953125
0 0.603515625 0.72265625 0.0791015625 0.1025390625
0 0.5224609375 0.6748046875 0.0380859375 0.1025390625
0 0.52734375 0.833984375 0.0908203125 0.2421875
0 0.46875 0.662109375 0.05078125 0.0439453125
0 0.4443359375 0.79296875 0.0595703125 0.17578125
0 0.419921875 0.6865234375 0.048828125 0.0576171875
0 0.4052734375 0.8017578125 0.0498046875 0.13671875
0 0.3896484375 0.8359375 0.0537109375 0.208984375
0 0.435546875 0.8955078125 0.07421875 0.08984375