0 0.625 0.322265625 0.0322265625 0.0439453125
0 0.6630859375 0.3291015625 0.03125 0.0478515625
0 0.611328125 0.80859375 0.0947265625 0.2578125
0 0.4443359375 0.8359375 0.0849609375 0.2626953125
0 0.4912109375 0.666015625 0.0947265625 0.232421875
0 0.4365234375 0.64453125 0.05078125 0.1259765625
0 0.5341796875 0.9130859375 0.072265625 0.1669921875
0 0.5224609375 0.7587890625 0.1103515625 0.1591796875
0 0.5556640625 0.6328125 0.0673828125 0.1787109375
0 0.58984375 0.5888671875 0.072265625 0.134765625
0 0.59765625 0.4765625 0.0341796875 0.0859375
0 0.537109375 0.4296875 0.0478515625 0.10546875
0 0.6650390625 0.6337890625 0.0751953125 0.1044921875
0 0.7109375 0.6669921875 0.0859375 0.162109375
0 0.673828125 0.5322265625 0.064453125 0.1044921875
0 0.634765625 0.5146484375 0.04296875 0.1123046875
0 0.669921875 0.474609375 0.0400390625 0.1064453125