0 0.474609375 0.591796875 0.0166015625 0.0185546875
0 0.4423828125 0.5615234375 0.04296875 0.056640625
0 0.455078125 0.5224609375 0.037109375 0.06640625
0 0.462890625 0.48828125 0.0224609375 0.0322265625
0 0.4697265625 0.55078125 0.046875 0.0849609375
0 0.4833984375 0.4072265625 0.0205078125 0.0322265625
0 0.4755859375 0.447265625 0.017578125 0.0673828125
0 0.4970703125 0.4248046875 0.0146484375 0.0205078125
0 0.4951171875 0.4482421875 0.0283203125 0.064453125
0 0.517578125 0.4482421875 0.025390625 0.025390625
0 0.5224609375 0.4267578125 0.0244140625 0.0244140625
0 0.544921875 0.4150390625 0.017578125 0.0185546875
0 0.57421875 0.3984375 0.03125 0.037109375
0 0.59765625 0.4501953125 0.0283203125 0.0546875
0 0.576171875 0.4892578125 0.064453125 0.115234375
0 0.5654296875 0.53125 0.05859375 0.0576171875
0 0.58984375 0.654296875 0.037109375 0.087890625
0 0.4873046875 0.671875 0.0419921875 0.1357421875
0 0.5078125 0.5556640625 0.0166015625 0.03125
0 0.4921875 0.5244140625 0.0322265625 0.046875
0 0.5166015625 0.5966796875 0.037109375 0.052734375
0 0.53515625 0.56640625 0.0234375 0.0537109375
0 0.587890625 0.5830078125 0.041015625 0.0908203125
0 0.55859375 0.6240234375 0.01953125 0.0693359375
0 0.5615234375 0.576171875 0.0224609375 0.0322265625