0 0.4501953125 0.1318359375 0.064453125 0.1455078125
0 0.685546875 0.23828125 0.0859375 0.2216796875
0 0.6943359375 0.2607421875 0.0830078125 0.2666015625
0 0.6142578125 0.2431640625 0.072265625 0.193359375
0 0.55078125 0.2841796875 0.0654296875 0.193359375
0 0.474609375 0.1904296875 0.0576171875 0.0947265625
0 0.294921875 0.3212890625 0.0927734375 0.2412109375
0 0.3662109375 0.2900390625 0.08984375 0.19921875
0 0.4501953125 0.322265625 0.09765625 0.2197265625
0 0.2802734375 0.6826171875 0.060546875 0.2646484375
0 0.3544921875 0.55859375 0.125 0.435546875
0 0.380859375 0.6796875 0.0703125 0.3115234375
0 0.4580078125 0.5927734375 0.1318359375 0.4296875
0 0.4267578125 0.8935546875 0.0849609375 0.2119140625
0 0.5126953125 0.83203125 0.1044921875 0.2119140625
0 0.59765625 0.4453125 0.1826171875 0.1982421875
0 0.7109375 0.458984375 0.171875 0.1630859375
0 0.7099609375 0.6572265625 0.2119140625 0.2724609375
0 0.6884765625 0.7236328125 0.037109375 0.0634765625
0 0.611328125 0.6875 0.1005859375 0.2529296875
0 0.5263671875 0.6767578125 0.0625 0.2236328125