0 0.5234375 0.734375 0.0537109375 0.11328125
0 0.572265625 0.802734375 0.044921875 0.111328125
0 0.5810546875 0.70703125 0.048828125 0.0771484375
0 0.44140625 0.640625 0.0673828125 0.1767578125
0 0.4892578125 0.623046875 0.0341796875 0.1240234375
0 0.4521484375 0.5390625 0.0341796875 0.0263671875
0 0.4638671875 0.490234375 0.0322265625 0.0751953125
0 0.490234375 0.4970703125 0.0185546875 0.0703125
0 0.52734375 0.51171875 0.0380859375 0.060546875
0 0.5458984375 0.59375 0.0341796875 0.09375
0 0.5791015625 0.58984375 0.0224609375 0.041015625
0 0.59375 0.5546875 0.03125 0.046875
0 0.611328125 0.6162109375 0.04296875 0.080078125
0 0.5791015625 0.49609375 0.060546875 0.0556640625
0 0.552734375 0.5263671875 0.0205078125 0.025390625