0 0.5458984375 0.4736328125 0.0146484375 0.0537109375
0 0.4296875 0.603515625 0.0185546875 0.05859375
0 0.478515625 0.6181640625 0.0751953125 0.1787109375
0 0.51953125 0.5732421875 0.0615234375 0.1455078125
0 0.458984375 0.6630859375 0.0673828125 0.1337890625
0 0.4140625 0.9013671875 0.0927734375 0.1689453125
0 0.455078125 0.7939453125 0.052734375 0.0595703125
0 0.47265625 0.9091796875 0.0712890625 0.1728515625
0 0.494140625 0.830078125 0.037109375 0.0849609375
0 0.5859375 0.8125 0.1123046875 0.328125
0 0.5107421875 0.751953125 0.037109375 0.2041015625
0 0.625 0.763671875 0.087890625 0.23046875
0 0.7265625 0.7236328125 0.0576171875 0.265625
0 0.693359375 0.6572265625 0.0888671875 0.1650390625
0 0.6513671875 0.681640625 0.033203125 0.0478515625
0 0.630859375 0.599609375 0.0771484375 0.1259765625
0 0.591796875 0.5693359375 0.0615234375 0.1416015625
0 0.560546875 0.6083984375 0.03125 0.0703125