0 0.404296875 0.6337890625 0.078125 0.2080078125
0 0.34375 0.6318359375 0.0615234375 0.263671875
0 0.3798828125 0.9140625 0.044921875 0.171875
0 0.4345703125 0.896484375 0.076171875 0.1708984375
0 0.55859375 0.875 0.1328125 0.25
0 0.62890625 0.935546875 0.0634765625 0.1220703125
0 0.4921875 0.9404296875 0.029296875 0.072265625
0 0.470703125 0.73046875 0.0576171875 0.0732421875
0 0.4453125 0.5703125 0.052734375 0.1201171875
0 0.5107421875 0.599609375 0.0888671875 0.232421875
0 0.611328125 0.662109375 0.0595703125 0.1611328125
0 0.7001953125 0.755859375 0.1171875 0.26171875
0 0.4765625 0.4326171875 0.0703125 0.0966796875
0 0.443359375 0.4658203125 0.0380859375 0.0859375
0 0.4296875 0.4111328125 0.0185546875 0.033203125
0 0.544921875 0.52734375 0.0458984375 0.11328125
0 0.5869140625 0.580078125 0.05859375 0.0419921875
0 0.576171875 0.76171875 0.0771484375 0.130859375
0 0.62109375 0.7998046875 0.0166015625 0.09765625