0 0.6806640625 0.8310546875 0.125 0.3369140625
0 0.4462890625 0.6044921875 0.076171875 0.275390625
0 0.5048828125 0.4013671875 0.0498046875 0.119140625
0 0.533203125 0.3701171875 0.0390625 0.138671875
0 0.482421875 0.3466796875 0.05859375 0.10546875
0 0.3583984375 0.630859375 0.119140625 0.2734375
0 0.39453125 0.9248046875 0.103515625 0.1494140625
0 0.5849609375 0.767578125 0.1005859375 0.2421875
0 0.5732421875 0.8837890625 0.068359375 0.212890625
0 0.5830078125 0.533203125 0.0703125 0.2578125
0 0.6455078125 0.6337890625 0.064453125 0.1171875
0 0.494140625 0.6904296875 0.0830078125 0.1767578125
0 0.4443359375 0.7939453125 0.0693359375 0.0908203125
0 0.47265625 0.88671875 0.0654296875 0.134765625
0 0.50390625 0.5068359375 0.068359375 0.1123046875
0 0.6396484375 0.9306640625 0.041015625 0.1181640625