0 0.583984375 0.61328125 0.041015625 0.1484375
0 0.529296875 0.62890625 0.0498046875 0.1357421875
0 0.576171875 0.451171875 0.033203125 0.15234375
0 0.576171875 0.5537109375 0.0458984375 0.0966796875
0 0.533203125 0.4287109375 0.078125 0.150390625
0 0.54296875 0.5400390625 0.0390625 0.091796875
0 0.55859375 0.322265625 0.0166015625 0.0673828125
0 0.5224609375 0.3056640625 0.0458984375 0.0732421875
0 0.3271484375 0.697265625 0.041015625 0.19921875
0 0.5302734375 0.7890625 0.072265625 0.1943359375
0 0.490234375 0.7353515625 0.0498046875 0.15234375
0 0.4296875 0.6728515625 0.0634765625 0.130859375
0 0.4892578125 0.654296875 0.0283203125 0.044921875
0 0.4736328125 0.576171875 0.0556640625 0.0986328125
0 0.49609375 0.5224609375 0.0673828125 0.0869140625
0 0.48828125 0.44140625 0.0400390625 0.095703125
0 0.4775390625 0.376953125 0.04296875 0.0498046875
0 0.419921875 0.3994140625 0.0498046875 0.134765625
0 0.4365234375 0.46484375 0.06640625 0.1943359375
0 0.3662109375 0.4619140625 0.0986328125 0.2685546875
0 0.369140625 0.6396484375 0.0615234375 0.166015625
0 0.376953125 0.5498046875 0.048828125 0.0712890625