0 0.43359375 0.4794921875 0.0732421875 0.171875
0 0.513671875 0.48828125 0.0517578125 0.140625
0 0.5703125 0.3857421875 0.0517578125 0.0712890625
0 0.6689453125 0.6162109375 0.0380859375 0.177734375
0 0.7099609375 0.60546875 0.060546875 0.1982421875
0 0.6279296875 0.5634765625 0.05859375 0.1572265625
0 0.4658203125 0.7099609375 0.0654296875 0.158203125
0 0.576171875 0.9375 0.1123046875 0.1240234375
0 0.6455078125 0.861328125 0.0712890625 0.08984375
0 0.4267578125 0.59375 0.0615234375 0.1240234375
0 0.4853515625 0.5908203125 0.0537109375 0.0498046875
0 0.544921875 0.67578125 0.072265625 0.091796875
0 0.5166015625 0.8154296875 0.0771484375 0.2021484375
0 0.5947265625 0.783203125 0.07421875 0.1005859375
0 0.630859375 0.662109375 0.0322265625 0.1337890625
0 0.6142578125 0.4775390625 0.041015625 0.0537109375
0 0.5546875 0.529296875 0.0361328125 0.1181640625
0 0.5634765625 0.5986328125 0.02734375 0.0546875
0 0.4130859375 0.7734375 0.05078125 0.1494140625