0 0.6279296875 0.5625 0.0751953125 0.0927734375
0 0.4072265625 0.294921875 0.07421875 0.208984375
0 0.4873046875 0.2958984375 0.02734375 0.15234375
0 0.453125 0.2763671875 0.0400390625 0.125
0 0.4873046875 0.1806640625 0.0341796875 0.037109375
0 0.4755859375 0.21875 0.0263671875 0.041015625
0 0.5517578125 0.2919921875 0.0556640625 0.103515625
0 0.52734375 0.302734375 0.03515625 0.1015625
0 0.517578125 0.2275390625 0.0400390625 0.08203125
0 0.4619140625 0.41015625 0.0166015625 0.1298828125
0 0.4501953125 0.365234375 0.044921875 0.076171875
0 0.40234375 0.455078125 0.0947265625 0.1416015625
0 0.404296875 0.5224609375 0.060546875 0.1083984375
0 0.431640625 0.462890625 0.0537109375 0.05078125
0 0.4248046875 0.6162109375 0.0732421875 0.2412109375
0 0.4765625 0.626953125 0.0732421875 0.255859375
0 0.6025390625 0.6318359375 0.056640625 0.1787109375
0 0.5341796875 0.4931640625 0.06640625 0.2021484375
0 0.5634765625 0.6044921875 0.0634765625 0.1162109375
0 0.60546875 0.453125 0.0556640625 0.1826171875
0 0.55859375 0.365234375 0.0439453125 0.046875