0 0.5302734375 0.638671875 0.107421875 0.2509765625
0 0.2978515625 0.5732421875 0.0537109375 0.1669921875
0 0.419921875 0.7705078125 0.0859375 0.2568359375
0 0.3291015625 0.6416015625 0.078125 0.208984375
0 0.4111328125 0.4541015625 0.0556640625 0.18359375
0 0.31640625 0.412109375 0.046875 0.15234375
0 0.3974609375 0.3388671875 0.0537109375 0.0732421875
0 0.4833984375 0.443359375 0.08203125 0.2060546875
0 0.53515625 0.421875 0.0615234375 0.2177734375
0 0.486328125 0.314453125 0.068359375 0.0458984375
0 0.4833984375 0.6982421875 0.0791015625 0.1708984375
0 0.38671875 0.619140625 0.072265625 0.212890625
0 0.6083984375 0.640625 0.0830078125 0.1708984375
0 0.65625 0.6142578125 0.0625 0.2431640625
0 0.5693359375 0.4931640625 0.0771484375 0.10546875
0 0.5244140625 0.4873046875 0.0361328125 0.064453125
0 0.357421875 0.453125 0.05078125 0.1201171875