0 0.322265625 0.322265625 0.078125 0.2197265625
0 0.4736328125 0.3212890625 0.0419921875 0.0830078125
0 0.509765625 0.4111328125 0.0537109375 0.109375
0 0.544921875 0.4375 0.033203125 0.1328125
0 0.591796875 0.6962890625 0.0888671875 0.1328125
0 0.53125 0.78515625 0.0927734375 0.29296875
0 0.3623046875 0.376953125 0.046875 0.171875
0 0.3818359375 0.3046875 0.04296875 0.1455078125
0 0.4111328125 0.349609375 0.068359375 0.134765625
0 0.423828125 0.552734375 0.1083984375 0.25
0 0.4736328125 0.408203125 0.0791015625 0.0849609375
0 0.2275390625 0.6162109375 0.0537109375 0.29296875
0 0.30859375 0.66015625 0.146484375 0.388671875
0 0.3349609375 0.4599609375 0.0771484375 0.0556640625
0 0.421875 0.7314453125 0.060546875 0.130859375
0 0.4052734375 0.634765625 0.0986328125 0.14453125
0 0.486328125 0.736328125 0.099609375 0.1875
0 0.4931640625 0.5625 0.0625 0.0732421875
0 0.51953125 0.5947265625 0.064453125 0.07421875
0 0.5751953125 0.5703125 0.0771484375 0.119140625