0 0.4541015625 0.26171875 0.0732421875 0.314453125
0 0.5458984375 0.681640625 0.0634765625 0.2783203125
0 0.55078125 0.55078125 0.0830078125 0.1220703125
0 0.4677734375 0.623046875 0.1123046875 0.2412109375
0 0.2734375 0.404296875 0.0947265625 0.212890625
0 0.248046875 0.4052734375 0.046875 0.189453125
0 0.3525390625 0.3740234375 0.03125 0.12890625
0 0.3369140625 0.275390625 0.0703125 0.1376953125
0 0.388671875 0.232421875 0.0927734375 0.2265625
0 0.392578125 0.322265625 0.0595703125 0.052734375
0 0.3251953125 0.6513671875 0.0869140625 0.2314453125
0 0.326171875 0.673828125 0.115234375 0.2470703125
0 0.3623046875 0.6064453125 0.0654296875 0.220703125
0 0.3876953125 0.685546875 0.033203125 0.0966796875
0 0.3095703125 0.5048828125 0.04296875 0.068359375
0 0.3759765625 0.484375 0.064453125 0.0634765625
0 0.4423828125 0.498046875 0.05078125 0.091796875
0 0.408203125 0.427734375 0.0537109375 0.076171875