0 0.1982421875 0.5439453125 0.1318359375 0.24609375
0 0.2734375 0.263671875 0.03515625 0.19140625
0 0.3447265625 0.189453125 0.0888671875 0.2861328125
0 0.2841796875 0.27734375 0.015625 0.0888671875
0 0.294921875 0.2119140625 0.0322265625 0.1572265625
0 0.310546875 0.28515625 0.05078125 0.1015625
0 0.3896484375 0.26171875 0.03125 0.1884765625
0 0.3115234375 0.4365234375 0.1591796875 0.1513671875
0 0.2900390625 0.5771484375 0.119140625 0.205078125
0 0.3466796875 0.720703125 0.0302734375 0.18359375
0 0.34765625 0.6142578125 0.0556640625 0.1123046875
0 0.390625 0.6796875 0.0498046875 0.12109375
0 0.447265625 0.673828125 0.048828125 0.1064453125
0 0.4951171875 0.6748046875 0.0390625 0.08203125
0 0.51171875 0.5673828125 0.1689453125 0.3759765625
0 0.5380859375 0.7236328125 0.0283203125 0.1044921875
0 0.390625 0.5458984375 0.111328125 0.232421875
0 0.3857421875 0.4228515625 0.0830078125 0.0693359375