0 0.515625 0.666015625 0.029296875 0.09375
0 0.486328125 0.646484375 0.0390625 0.0634765625
0 0.541015625 0.7099609375 0.0478515625 0.1044921875
0 0.5419921875 0.63671875 0.033203125 0.0498046875
0 0.5263671875 0.5830078125 0.0419921875 0.09375
0 0.419921875 0.5400390625 0.0654296875 0.158203125
0 0.474609375 0.5166015625 0.0595703125 0.1435546875
0 0.4228515625 0.4091796875 0.0361328125 0.0439453125
0 0.58984375 0.541015625 0.0537109375 0.166015625
0 0.541015625 0.4853515625 0.0556640625 0.11328125
0 0.5546875 0.5537109375 0.0224609375 0.0439453125
0 0.50390625 0.4208984375 0.0498046875 0.05859375
0 0.55859375 0.353515625 0.044921875 0.06640625
0 0.5869140625 0.439453125 0.0234375 0.0546875
0 0.4814453125 0.5810546875 0.017578125 0.083984375
0 0.4951171875 0.4599609375 0.0068359375 0.013671875