0 0.400390625 0.72265625 0.0751953125 0.2529296875
0 0.4873046875 0.513671875 0.046875 0.068359375
0 0.5986328125 0.685546875 0.044921875 0.1298828125
0 0.650390625 0.7392578125 0.05859375 0.1513671875
0 0.640625 0.8740234375 0.048828125 0.1162109375
0 0.619140625 0.7958984375 0.03125 0.099609375
0 0.4814453125 0.8876953125 0.06640625 0.1953125
0 0.4697265625 0.76953125 0.052734375 0.15234375
0 0.5693359375 0.5908203125 0.02734375 0.060546875
0 0.5458984375 0.6181640625 0.0546875 0.0888671875
0 0.5419921875 0.5458984375 0.064453125 0.0732421875
0 0.4775390625 0.623046875 0.0537109375 0.08203125
0 0.5166015625 0.8095703125 0.0517578125 0.115234375
0 0.5673828125 0.75 0.0458984375 0.0537109375
0 0.5126953125 0.69921875 0.0791015625 0.11328125
0 0.4443359375 0.60546875 0.0361328125 0.1015625
0 0.4267578125 0.8837890625 0.0439453125 0.1328125