0 0.23046875 0.5546875 0.1474609375 0.203125
0 0.3544921875 0.5830078125 0.1044921875 0.2744140625
0 0.4130859375 0.4384765625 0.0419921875 0.1513671875
0 0.3662109375 0.431640625 0.03125 0.083984375
0 0.47265625 0.4287109375 0.0458984375 0.1201171875
0 0.44921875 0.9111328125 0.109375 0.177734375
0 0.3916015625 0.7568359375 0.09375 0.125
0 0.494140625 0.6708984375 0.09765625 0.24609375
0 0.57421875 0.7119140625 0.111328125 0.2646484375
0 0.5087890625 0.822265625 0.0830078125 0.1474609375
0 0.5673828125 0.5654296875 0.0302734375 0.076171875
0 0.521484375 0.5439453125 0.05078125 0.037109375
0 0.4716796875 0.53125 0.03515625 0.080078125
0 0.404296875 0.6650390625 0.0341796875 0.0546875