0 0.3251953125 0.6376953125 0.095703125 0.2490234375
0 0.3759765625 0.7080078125 0.033203125 0.14453125
0 0.5283203125 0.822265625 0.056640625 0.2060546875
0 0.5732421875 0.8603515625 0.052734375 0.2568359375
0 0.416015625 0.5537109375 0.09375 0.1640625
0 0.5869140625 0.4912109375 0.0673828125 0.2822265625
0 0.513671875 0.4384765625 0.0966796875 0.16015625
0 0.541015625 0.5322265625 0.0283203125 0.154296875
0 0.5068359375 0.5498046875 0.0234375 0.158203125
0 0.408203125 0.6513671875 0.052734375 0.0390625
0 0.4453125 0.3828125 0.037109375 0.1025390625
0 0.4833984375 0.369140625 0.078125 0.11328125
0 0.5537109375 0.6748046875 0.052734375 0.1240234375
0 0.59375 0.7119140625 0.0595703125 0.185546875
0 0.53515625 0.6826171875 0.0419921875 0.123046875
0 0.4755859375 0.54296875 0.060546875 0.0849609375
0 0.515625 0.5966796875 0.0126953125 0.0546875
0 0.587890625 0.646484375 0.0244140625 0.0546875
0 0.5556640625 0.6005859375 0.04296875 0.076171875
0 0.44140625 0.6376953125 0.0458984375 0.05859375