0 0.4052734375 0.3583984375 0.0498046875 0.201171875
0 0.4365234375 0.3037109375 0.05859375 0.1484375
0 0.49609375 0.283203125 0.0732421875 0.2080078125
0 0.4580078125 0.3583984375 0.048828125 0.09765625
0 0.67578125 0.3505859375 0.048828125 0.1005859375
0 0.677734375 0.4052734375 0.0732421875 0.177734375
0 0.62109375 0.3662109375 0.05859375 0.1474609375
0 0.57421875 0.396484375 0.0517578125 0.111328125
0 0.619140625 0.44921875 0.0419921875 0.0908203125
0 0.5693359375 0.4609375 0.0244140625 0.0908203125
0 0.5498046875 0.4501953125 0.0224609375 0.06640625
0 0.380859375 0.7158203125 0.03515625 0.189453125
0 0.419921875 0.6396484375 0.0927734375 0.2451171875
0 0.4814453125 0.4580078125 0.0263671875 0.048828125
0 0.6572265625 0.69921875 0.0849609375 0.2412109375
0 0.59375 0.6552734375 0.099609375 0.2177734375
0 0.6005859375 0.513671875 0.0234375 0.0546875
0 0.4892578125 0.5947265625 0.0810546875 0.25390625
0 0.541015625 0.6171875 0.037109375 0.1962890625