0 0.5166015625 0.3251953125 0.0400390625 0.166015625
0 0.5703125 0.359375 0.05859375 0.1376953125
0 0.544921875 0.30078125 0.048828125 0.1044921875
0 0.75 0.45703125 0.03515625 0.1591796875
0 0.630859375 0.3251953125 0.03125 0.0830078125
0 0.6650390625 0.314453125 0.025390625 0.0576171875
0 0.685546875 0.330078125 0.02734375 0.0849609375
0 0.521484375 0.435546875 0.044921875 0.052734375
0 0.42578125 0.5283203125 0.07421875 0.1630859375
0 0.4443359375 0.4423828125 0.0205078125 0.0341796875
0 0.486328125 0.431640625 0.0390625 0.0625
0 0.466796875 0.5576171875 0.0830078125 0.2099609375
0 0.51953125 0.501953125 0.0302734375 0.1083984375
0 0.490234375 0.7373046875 0.0517578125 0.14453125
0 0.5283203125 0.7080078125 0.0537109375 0.1328125
0 0.5751953125 0.65625 0.09765625 0.2001953125
0 0.6123046875 0.43359375 0.048828125 0.08203125
0 0.7119140625 0.6904296875 0.068359375 0.212890625
0 0.7001953125 0.416015625 0.0556640625 0.1142578125
0 0.6484375 0.4140625 0.0546875 0.1142578125
0 0.7177734375 0.51953125 0.03515625 0.1259765625
0 0.6611328125 0.4921875 0.046875 0.1123046875
0 0.6767578125 0.5458984375 0.08203125 0.078125
0 0.62109375 0.5908203125 0.02734375 0.0576171875
0 0.607421875 0.501953125 0.0625 0.07421875