0 0.4677734375 0.2802734375 0.056640625 0.3017578125
0 0.421875 0.2578125 0.09765625 0.2529296875
0 0.3857421875 0.33203125 0.0859375 0.1875
0 0.3154296875 0.3095703125 0.1044921875 0.2314453125
0 0.1875 0.2490234375 0.0546875 0.12109375
0 0.2333984375 0.234375 0.037109375 0.1171875
0 0.240234375 0.1640625 0.03515625 0.0517578125
0 0.2490234375 0.3681640625 0.0625 0.177734375
0 0.173828125 0.375 0.091796875 0.158203125
0 0.1650390625 0.6298828125 0.1181640625 0.3623046875
0 0.275390625 0.5078125 0.103515625 0.1728515625
0 0.216796875 0.615234375 0.0859375 0.2041015625
0 0.3125 0.6923828125 0.1337890625 0.322265625
0 0.2392578125 0.853515625 0.080078125 0.2275390625
0 0.556640625 0.580078125 0.095703125 0.267578125
0 0.5908203125 0.5947265625 0.078125 0.271484375
0 0.4677734375 0.552734375 0.1201171875 0.2421875
0 0.421875 0.646484375 0.0625 0.1748046875
0 0.4453125 0.7099609375 0.0625 0.14453125
0 0.3935546875 0.5185546875 0.0615234375 0.0869140625