0 0.4091796875 0.4638671875 0.19140625 0.2607421875
0 0.728515625 0.623046875 0.103515625 0.26953125
0 0.7607421875 0.6708984375 0.0966796875 0.2626953125
0 0.703125 0.8974609375 0.09765625 0.205078125
0 0.6142578125 0.732421875 0.083984375 0.16015625
0 0.662109375 0.703125 0.0419921875 0.0810546875
0 0.70703125 0.724609375 0.025390625 0.078125
0 0.4599609375 0.625 0.0849609375 0.091796875
0 0.478515625 0.53515625 0.1142578125 0.2353515625
0 0.5244140625 0.5634765625 0.0546875 0.21875
0 0.580078125 0.5126953125 0.087890625 0.3291015625
0 0.5771484375 0.5712890625 0.0693359375 0.083984375
0 0.6064453125 0.3642578125 0.0908203125 0.166015625
0 0.5068359375 0.8017578125 0.0419921875 0.208984375
0 0.4736328125 0.7275390625 0.0771484375 0.150390625
0 0.5419921875 0.6533203125 0.0634765625 0.0810546875