0 0.37109375 0.578125 0.115234375 0.19140625
0 0.3427734375 0.4169921875 0.0625 0.12890625
0 0.3935546875 0.4384765625 0.03515625 0.09765625
0 0.427734375 0.625 0.048828125 0.1328125
0 0.498046875 0.677734375 0.08203125 0.0888671875
0 0.4599609375 0.7255859375 0.0439453125 0.1162109375
0 0.42578125 0.7314453125 0.0322265625 0.10546875
0 0.4404296875 0.3955078125 0.0439453125 0.1181640625
0 0.4638671875 0.45703125 0.0380859375 0.0927734375
0 0.5146484375 0.4921875 0.0595703125 0.1533203125
0 0.568359375 0.5087890625 0.072265625 0.1962890625
0 0.5234375 0.392578125 0.0576171875 0.046875
0 0.4775390625 0.392578125 0.0302734375 0.0283203125
0 0.4033203125 0.3427734375 0.029296875 0.0390625
0 0.3974609375 0.3759765625 0.033203125 0.0263671875