0 0.5517578125 0.8310546875 0.087890625 0.232421875
0 0.359375 0.4306640625 0.09375 0.2236328125
0 0.58984375 0.2939453125 0.044921875 0.0703125
0 0.4609375 0.453125 0.076171875 0.2626953125
0 0.427734375 0.64453125 0.04296875 0.1796875
0 0.4619140625 0.6259765625 0.05078125 0.142578125
0 0.61328125 0.68359375 0.0673828125 0.158203125
0 0.60546875 0.4892578125 0.060546875 0.26953125
0 0.5673828125 0.4208984375 0.0654296875 0.1572265625
0 0.5361328125 0.6044921875 0.0830078125 0.12109375
0 0.3916015625 0.6865234375 0.0390625 0.205078125
0 0.392578125 0.533203125 0.056640625 0.2216796875
0 0.646484375 0.6171875 0.0634765625 0.158203125
0 0.681640625 0.6845703125 0.0654296875 0.1513671875
0 0.51171875 0.427734375 0.046875 0.1298828125
0 0.6328125 0.4443359375 0.02734375 0.146484375
0 0.5068359375 0.7421875 0.0654296875 0.1259765625