0 0.4130859375 0.4267578125 0.0712890625 0.20703125
0 0.447265625 0.35546875 0.044921875 0.09765625
0 0.4853515625 0.3330078125 0.0625 0.126953125
0 0.5126953125 0.4111328125 0.04296875 0.0791015625
0 0.541015625 0.3583984375 0.05078125 0.1025390625
0 0.5634765625 0.6201171875 0.0634765625 0.119140625
0 0.4560546875 0.7158203125 0.072265625 0.1689453125
0 0.5 0.6455078125 0.0625 0.166015625
0 0.4501953125 0.625 0.068359375 0.1044921875
0 0.412109375 0.5869140625 0.0751953125 0.107421875
0 0.4814453125 0.5478515625 0.0478515625 0.0751953125
0 0.4541015625 0.5078125 0.0556640625 0.0859375
0 0.5390625 0.513671875 0.0380859375 0.056640625