0 0.2763671875 0.369140625 0.0615234375 0.1337890625
0 0.3134765625 0.3037109375 0.0390625 0.111328125
0 0.3447265625 0.41015625 0.0673828125 0.201171875
0 0.3623046875 0.3330078125 0.0986328125 0.2431640625
0 0.41015625 0.4501953125 0.0849609375 0.1650390625
0 0.4482421875 0.3203125 0.1220703125 0.265625
0 0.5771484375 0.1396484375 0.033203125 0.1328125
0 0.521484375 0.107421875 0.05859375 0.1044921875
0 0.6201171875 0.25390625 0.0439453125 0.14453125
0 0.5537109375 0.24609375 0.08203125 0.107421875
0 0.4462890625 0.701171875 0.111328125 0.208984375
0 0.46484375 0.4931640625 0.072265625 0.10546875
0 0.5634765625 0.634765625 0.05078125 0.1318359375
0 0.60546875 0.6416015625 0.0390625 0.1484375
0 0.517578125 0.65234375 0.02734375 0.1123046875
0 0.7099609375 0.5712890625 0.08203125 0.2666015625
0 0.6455078125 0.583984375 0.060546875 0.16015625
0 0.5830078125 0.35546875 0.107421875 0.123046875
0 0.626953125 0.478515625 0.095703125 0.1982421875
0 0.5390625 0.55078125 0.056640625 0.0439453125
0 0.4228515625 0.599609375 0.04296875 0.052734375