0 0.6689453125 0.55859375 0.07421875 0.1416015625
0 0.451171875 0.2763671875 0.05078125 0.2060546875
0 0.486328125 0.2646484375 0.05078125 0.169921875
0 0.533203125 0.2861328125 0.0478515625 0.154296875
0 0.5947265625 0.2685546875 0.0419921875 0.111328125
0 0.67578125 0.369140625 0.041015625 0.1298828125
0 0.642578125 0.3544921875 0.0595703125 0.1162109375
0 0.611328125 0.3623046875 0.08203125 0.09765625
0 0.4013671875 0.498046875 0.1513671875 0.2724609375
0 0.458984375 0.54296875 0.0595703125 0.130859375
0 0.4658203125 0.3876953125 0.04296875 0.095703125
0 0.533203125 0.4755859375 0.111328125 0.2578125
0 0.5205078125 0.580078125 0.07421875 0.2216796875
0 0.62109375 0.64453125 0.0810546875 0.251953125
0 0.7255859375 0.552734375 0.0537109375 0.2373046875
0 0.6650390625 0.44921875 0.0849609375 0.0634765625
0 0.6015625 0.46484375 0.052734375 0.1162109375
0 0.5576171875 0.67578125 0.0498046875 0.1162109375