0 0.3291015625 0.6416015625 0.0654296875 0.1416015625
0 0.4150390625 0.5302734375 0.056640625 0.09765625
0 0.62890625 0.568359375 0.0576171875 0.171875
0 0.4521484375 0.76171875 0.0908203125 0.185546875
0 0.37890625 0.662109375 0.0810546875 0.2265625
0 0.4404296875 0.5810546875 0.0517578125 0.1396484375
0 0.48828125 0.37109375 0.0400390625 0.06640625
0 0.5126953125 0.353515625 0.03125 0.0849609375
0 0.4638671875 0.451171875 0.0458984375 0.1259765625
0 0.5634765625 0.4365234375 0.0400390625 0.0517578125
0 0.5302734375 0.4599609375 0.0341796875 0.0556640625
0 0.49609375 0.630859375 0.08203125 0.1826171875
0 0.5830078125 0.609375 0.0771484375 0.2109375
0 0.5791015625 0.46875 0.068359375 0.06640625