0 0.3984375 0.5908203125 0.0966796875 0.212890625
0 0.47265625 0.3095703125 0.0888671875 0.21875
0 0.736328125 0.6513671875 0.0673828125 0.1259765625
0 0.70703125 0.76171875 0.056640625 0.1962890625
0 0.439453125 0.515625 0.1044921875 0.1708984375
0 0.5537109375 0.3466796875 0.0263671875 0.0751953125
0 0.5283203125 0.361328125 0.0439453125 0.1669921875
0 0.5771484375 0.5849609375 0.150390625 0.3447265625
0 0.6591796875 0.5400390625 0.0830078125 0.228515625
0 0.66015625 0.7001953125 0.0849609375 0.1591796875
0 0.517578125 0.7724609375 0.041015625 0.1806640625
0 0.439453125 0.6396484375 0.0634765625 0.177734375
0 0.4775390625 0.669921875 0.0400390625 0.1279296875
0 0.5849609375 0.7421875 0.06640625 0.107421875