0 0.54296875 0.875 0.1005859375 0.2490234375
0 0.474609375 0.8017578125 0.09765625 0.1982421875
0 0.5390625 0.7109375 0.076171875 0.076171875
0 0.3359375 0.6767578125 0.078125 0.2685546875
0 0.4130859375 0.615234375 0.07421875 0.2587890625
0 0.4609375 0.5341796875 0.056640625 0.15625
0 0.6142578125 0.5966796875 0.0517578125 0.1748046875
0 0.650390625 0.6513671875 0.0234375 0.1689453125
0 0.5576171875 0.599609375 0.0478515625 0.087890625
0 0.5146484375 0.4833984375 0.041015625 0.09765625
0 0.5546875 0.482421875 0.0361328125 0.142578125
0 0.5703125 0.4677734375 0.033203125 0.080078125