0 0.2568359375 0.7900390625 0.1376953125 0.267578125
0 0.328125 0.7978515625 0.05859375 0.2529296875
0 0.4423828125 0.69921875 0.083984375 0.193359375
0 0.521484375 0.525390625 0.1171875 0.2294921875
0 0.37109375 0.4072265625 0.06640625 0.2099609375
0 0.298828125 0.4765625 0.076171875 0.1962890625
0 0.2255859375 0.513671875 0.0908203125 0.2109375
0 0.5341796875 0.78515625 0.083984375 0.1982421875
0 0.6337890625 0.48046875 0.1396484375 0.2294921875
0 0.44140625 0.392578125 0.0595703125 0.158203125
0 0.505859375 0.3095703125 0.0849609375 0.125
0 0.3876953125 0.5810546875 0.0634765625 0.16796875
0 0.4560546875 0.546875 0.0625 0.189453125
0 0.572265625 0.5888671875 0.02734375 0.2265625
0 0.47265625 0.306640625 0.037109375 0.0625
0 0.5634765625 0.7197265625 0.08984375 0.150390625