0 0.41796875 0.625 0.060546875 0.197265625
0 0.4892578125 0.3447265625 0.0302734375 0.1982421875
0 0.4970703125 0.30859375 0.0390625 0.1181640625
0 0.5244140625 0.2412109375 0.04296875 0.1318359375
0 0.5146484375 0.3525390625 0.03125 0.103515625
0 0.833984375 0.404296875 0.095703125 0.2802734375
0 0.7421875 0.3046875 0.1044921875 0.1591796875
0 0.755859375 0.40234375 0.0849609375 0.2373046875
0 0.6845703125 0.3994140625 0.0869140625 0.2265625
0 0.6396484375 0.33203125 0.09375 0.16796875
0 0.6015625 0.39453125 0.0341796875 0.0947265625
0 0.6181640625 0.4521484375 0.0458984375 0.1220703125
0 0.5947265625 0.244140625 0.0390625 0.0966796875
0 0.5673828125 0.2138671875 0.0302734375 0.0732421875
0 0.5498046875 0.3349609375 0.0517578125 0.1181640625
0 0.609375 0.7880859375 0.1025390625 0.2744140625
0 0.6171875 0.544921875 0.0498046875 0.109375
0 0.5341796875 0.46484375 0.044921875 0.0712890625
0 0.5234375 0.5966796875 0.048828125 0.078125
0 0.498046875 0.6748046875 0.0625 0.2255859375
0 0.5908203125 0.587890625 0.044921875 0.0830078125
0 0.5947265625 0.7119140625 0.052734375 0.1025390625
0 0.5068359375 0.5205078125 0.0498046875 0.064453125
0 0.5703125 0.5009765625 0.0302734375 0.0390625