0 0.607421875 0.8994140625 0.048828125 0.197265625
0 0.3330078125 0.6640625 0.125 0.25
0 0.4306640625 0.4365234375 0.0927734375 0.15625
0 0.478515625 0.62890625 0.095703125 0.388671875
0 0.564453125 0.7353515625 0.1923828125 0.4775390625
0 0.4150390625 0.546875 0.111328125 0.2861328125
0 0.763671875 0.5634765625 0.0703125 0.3359375
0 0.7587890625 0.61328125 0.12109375 0.1845703125
0 0.677734375 0.59375 0.03125 0.046875
0 0.5576171875 0.255859375 0.0439453125 0.216796875
0 0.673828125 0.50390625 0.1220703125 0.216796875
0 0.69921875 0.294921875 0.1298828125 0.26171875
0 0.5927734375 0.1474609375 0.0546875 0.12890625
0 0.6328125 0.125 0.0224609375 0.083984375
0 0.7158203125 0.16015625 0.0732421875 0.09375
0 0.59765625 0.2509765625 0.02734375 0.1240234375
0 0.6025390625 0.4091796875 0.1083984375 0.171875