0 0.3623046875 0.5888671875 0.21875 0.451171875
0 0.3779296875 0.9033203125 0.1201171875 0.193359375
0 0.49609375 0.5810546875 0.0830078125 0.37890625
0 0.646484375 0.5302734375 0.064453125 0.171875
0 0.6689453125 0.4814453125 0.0849609375 0.162109375
0 0.5859375 0.37109375 0.0625 0.142578125
0 0.54296875 0.396484375 0.0556640625 0.16796875
0 0.6240234375 0.3935546875 0.046875 0.048828125
0 0.5625 0.5927734375 0.0771484375 0.3466796875
0 0.427734375 0.6904296875 0.029296875 0.0634765625
0 0.666015625 0.8720703125 0.1025390625 0.232421875
0 0.5810546875 0.84375 0.189453125 0.3125
0 0.6337890625 0.6845703125 0.060546875 0.068359375
0 0.7001953125 0.962890625 0.0341796875 0.05859375
0 0.7080078125 0.7587890625 0.0283203125 0.0576171875