0 0.451171875 0.3876953125 0.0537109375 0.1201171875
0 0.4130859375 0.3935546875 0.052734375 0.115234375
0 0.39453125 0.4169921875 0.0234375 0.0712890625
0 0.3525390625 0.599609375 0.0537109375 0.1953125
0 0.4248046875 0.841796875 0.111328125 0.31640625
0 0.43359375 0.5595703125 0.0673828125 0.2265625
0 0.48828125 0.5087890625 0.04296875 0.1962890625
0 0.3955078125 0.580078125 0.0654296875 0.201171875
0 0.4970703125 0.8232421875 0.076171875 0.353515625
0 0.7666015625 0.6787109375 0.08984375 0.251953125
0 0.7099609375 0.7529296875 0.1181640625 0.3388671875
0 0.5771484375 0.6220703125 0.1669921875 0.1728515625
0 0.5986328125 0.736328125 0.078125 0.23046875
0 0.6513671875 0.7890625 0.0458984375 0.16015625
0 0.5810546875 0.94140625 0.0654296875 0.1162109375
0 0.6357421875 0.9599609375 0.0517578125 0.0791015625
0 0.56640625 0.8515625 0.05078125 0.0576171875
0 0.544921875 0.5380859375 0.052734375 0.0712890625