0 0.3544921875 0.802734375 0.1005859375 0.23046875
0 0.388671875 0.7978515625 0.0791015625 0.2587890625
0 0.49609375 0.7392578125 0.0849609375 0.158203125
0 0.5966796875 0.8603515625 0.0703125 0.25
0 0.6474609375 0.517578125 0.14453125 0.2080078125
0 0.52734375 0.55859375 0.0888671875 0.2275390625
0 0.466796875 0.4453125 0.0791015625 0.1416015625
0 0.4111328125 0.4580078125 0.0498046875 0.150390625
0 0.5302734375 0.4228515625 0.0615234375 0.1513671875
0 0.576171875 0.3720703125 0.0751953125 0.125
0 0.3642578125 0.5546875 0.0830078125 0.2099609375
0 0.6513671875 0.8291015625 0.0576171875 0.169921875
0 0.421875 0.5517578125 0.0419921875 0.1279296875
0 0.61328125 0.638671875 0.068359375 0.2666015625
0 0.5537109375 0.6689453125 0.037109375 0.189453125
0 0.4423828125 0.705078125 0.0576171875 0.095703125