0 0.6318359375 0.5478515625 0.068359375 0.2236328125
0 0.591796875 0.51953125 0.048828125 0.13671875
0 0.6064453125 0.830078125 0.0908203125 0.201171875
0 0.5771484375 0.70703125 0.052734375 0.126953125
0 0.541015625 0.7333984375 0.0712890625 0.0986328125
0 0.3798828125 0.828125 0.0283203125 0.2138671875
0 0.4208984375 0.767578125 0.05078125 0.1552734375
0 0.453125 0.6845703125 0.0390625 0.072265625
0 0.4130859375 0.546875 0.072265625 0.060546875
0 0.396484375 0.6494140625 0.060546875 0.189453125
0 0.4521484375 0.59765625 0.05859375 0.12109375
0 0.4404296875 0.49609375 0.041015625 0.0537109375
0 0.45703125 0.4375 0.0400390625 0.103515625
0 0.53125 0.43359375 0.0439453125 0.1171875
0 0.568359375 0.4951171875 0.056640625 0.130859375
0 0.5048828125 0.587890625 0.044921875 0.1162109375
0 0.53125 0.6240234375 0.0341796875 0.0732421875
0 0.494140625 0.435546875 0.03125 0.07421875