0 0.40234375 0.58203125 0.0830078125 0.224609375
0 0.455078125 0.6689453125 0.0654296875 0.095703125
0 0.478515625 0.6845703125 0.0400390625 0.072265625
0 0.4482421875 0.802734375 0.0966796875 0.1552734375
0 0.486328125 0.865234375 0.1044921875 0.2412109375
0 0.5625 0.8671875 0.05859375 0.1826171875
0 0.607421875 0.77734375 0.09375 0.24609375
0 0.634765625 0.6064453125 0.0712890625 0.125
0 0.515625 0.431640625 0.1044921875 0.3154296875
0 0.6259765625 0.48828125 0.083984375 0.208984375
0 0.6796875 0.4775390625 0.0888671875 0.17578125
0 0.59765625 0.388671875 0.060546875 0.138671875
0 0.5634765625 0.564453125 0.05078125 0.1376953125
0 0.5322265625 0.66015625 0.1025390625 0.138671875
0 0.458984375 0.427734375 0.021484375 0.10546875
0 0.4267578125 0.5234375 0.0966796875 0.1416015625