0 0.4443359375 0.6044921875 0.1123046875 0.279296875
0 0.5283203125 0.564453125 0.1181640625 0.23046875
0 0.544921875 0.875 0.1123046875 0.25
0 0.646484375 0.875 0.107421875 0.25
0 0.671875 0.5048828125 0.11328125 0.201171875
0 0.7939453125 0.548828125 0.1181640625 0.1279296875
0 0.767578125 0.5888671875 0.095703125 0.1728515625
0 0.7197265625 0.6455078125 0.060546875 0.1962890625
0 0.689453125 0.806640625 0.158203125 0.2587890625
0 0.5380859375 0.7197265625 0.064453125 0.2216796875
0 0.65234375 0.6298828125 0.076171875 0.1640625
0 0.58203125 0.4150390625 0.056640625 0.095703125