0 0.7041015625 0.736328125 0.0712890625 0.212890625
0 0.4189453125 0.62890625 0.095703125 0.1533203125
0 0.4892578125 0.6181640625 0.05078125 0.1484375
0 0.546875 0.5361328125 0.044921875 0.076171875
0 0.6181640625 0.7353515625 0.076171875 0.1943359375
0 0.568359375 0.6806640625 0.0498046875 0.1357421875
0 0.52734375 0.6650390625 0.03515625 0.1171875
0 0.6005859375 0.580078125 0.033203125 0.05078125
0 0.62109375 0.966796875 0.0908203125 0.06640625
0 0.46484375 0.712890625 0.0625 0.0576171875
0 0.5224609375 0.7822265625 0.0634765625 0.123046875
0 0.5380859375 0.7607421875 0.0673828125 0.0703125
0 0.45703125 0.8173828125 0.0712890625 0.1669921875
0 0.4873046875 0.861328125 0.1044921875 0.1796875
0 0.5908203125 0.880859375 0.080078125 0.1318359375
0 0.58203125 0.912109375 0.0419921875 0.1142578125
0 0.529296875 0.9453125 0.0693359375 0.09765625