0 0.658203125 0.908203125 0.11328125 0.1826171875
0 0.5712890625 0.82421875 0.1376953125 0.119140625
0 0.5830078125 0.9736328125 0.056640625 0.052734375
0 0.5068359375 0.919921875 0.1181640625 0.16015625
0 0.5224609375 0.5791015625 0.1552734375 0.3291015625
0 0.83984375 0.5751953125 0.166015625 0.2041015625
0 0.736328125 0.6171875 0.11328125 0.224609375
0 0.6689453125 0.490234375 0.0546875 0.1669921875
0 0.572265625 0.421875 0.0439453125 0.0546875
0 0.607421875 0.5458984375 0.06640625 0.2158203125
0 0.546875 0.7060546875 0.0771484375 0.1845703125
0 0.662109375 0.7822265625 0.072265625 0.1376953125
0 0.73046875 0.7724609375 0.1103515625 0.16015625
0 0.6728515625 0.6455078125 0.0634765625 0.123046875
0 0.6494140625 0.646484375 0.0400390625 0.1171875
0 0.5625 0.701171875 0.1181640625 0.2412109375