0 0.533203125 0.7919921875 0.0537109375 0.107421875
0 0.4931640625 0.7080078125 0.0478515625 0.1064453125
0 0.3994140625 0.6279296875 0.05078125 0.1796875
0 0.44921875 0.619140625 0.0703125 0.2001953125
0 0.5673828125 0.671875 0.0888671875 0.197265625
0 0.6162109375 0.619140625 0.03125 0.041015625
0 0.6337890625 0.6865234375 0.056640625 0.15234375
0 0.5146484375 0.525390625 0.0810546875 0.111328125
0 0.474609375 0.458984375 0.060546875 0.12109375
0 0.4853515625 0.34375 0.037109375 0.107421875
0 0.4384765625 0.4306640625 0.0234375 0.1181640625
0 0.42578125 0.5205078125 0.037109375 0.0400390625
0 0.611328125 0.4833984375 0.072265625 0.0859375
0 0.611328125 0.5126953125 0.0341796875 0.0400390625
0 0.568359375 0.5498046875 0.0322265625 0.0576171875
0 0.6640625 0.6015625 0.0439453125 0.1240234375
0 0.5693359375 0.341796875 0.0263671875 0.041015625
0 0.6015625 0.3408203125 0.025390625 0.04296875
0 0.6171875 0.38671875 0.0390625 0.0595703125
0 0.44921875 0.3271484375 0.0205078125 0.07421875
0 0.5556640625 0.42578125 0.033203125 0.0712890625
0 0.5234375 0.3671875 0.029296875 0.05078125