0 0.337890625 0.6767578125 0.080078125 0.2158203125
0 0.333984375 0.8701171875 0.048828125 0.1494140625
0 0.3935546875 0.8515625 0.0615234375 0.1650390625
0 0.5185546875 0.7685546875 0.04296875 0.16015625
0 0.568359375 0.693359375 0.0703125 0.109375
0 0.5361328125 0.62890625 0.0556640625 0.095703125
0 0.4931640625 0.57421875 0.0517578125 0.115234375
0 0.482421875 0.4873046875 0.029296875 0.0458984375
0 0.455078125 0.56640625 0.0283203125 0.0888671875
0 0.4501953125 0.662109375 0.0712890625 0.0751953125
0 0.4013671875 0.7099609375 0.048828125 0.1064453125
0 0.4052734375 0.5615234375 0.052734375 0.07421875
0 0.40625 0.65234375 0.03125 0.08203125
0 0.388671875 0.4443359375 0.0517578125 0.044921875
0 0.44921875 0.48828125 0.03515625 0.0498046875
0 0.416015625 0.490234375 0.0185546875 0.0517578125
0 0.361328125 0.5185546875 0.0224609375 0.0615234375
0 0.326171875 0.5380859375 0.0478515625 0.052734375