0 0.62109375 0.548828125 0.0771484375 0.1044921875
0 0.6201171875 0.6220703125 0.04296875 0.111328125
0 0.5859375 0.5888671875 0.05859375 0.1181640625
0 0.568359375 0.6201171875 0.025390625 0.0927734375
0 0.53515625 0.4697265625 0.06640625 0.181640625
0 0.521484375 0.5439453125 0.048828125 0.111328125
0 0.4912109375 0.5029296875 0.0537109375 0.171875
0 0.443359375 0.5673828125 0.0849609375 0.2265625
0 0.6669921875 0.8505859375 0.09375 0.1904296875
0 0.6845703125 0.7197265625 0.048828125 0.072265625
0 0.5166015625 0.6630859375 0.0380859375 0.0546875
0 0.509765625 0.9189453125 0.0947265625 0.162109375
0 0.5546875 0.8701171875 0.103515625 0.259765625
0 0.4853515625 0.8369140625 0.0732421875 0.1806640625
0 0.4453125 0.7919921875 0.04296875 0.1240234375
0 0.5400390625 0.71875 0.060546875 0.078125
0 0.5029296875 0.70703125 0.0263671875 0.05859375
0 0.4755859375 0.736328125 0.0517578125 0.0810546875