0 0.423828125 0.5654296875 0.05078125 0.1298828125
0 0.4140625 0.6552734375 0.0732421875 0.138671875
0 0.4423828125 0.673828125 0.033203125 0.1123046875
0 0.5947265625 0.5126953125 0.046875 0.173828125
0 0.5625 0.7275390625 0.0400390625 0.1123046875
0 0.595703125 0.7255859375 0.048828125 0.1240234375
0 0.4814453125 0.58203125 0.060546875 0.1083984375
0 0.541015625 0.4921875 0.0576171875 0.107421875
0 0.5595703125 0.41015625 0.04296875 0.068359375
0 0.4697265625 0.41015625 0.02734375 0.078125
0 0.5107421875 0.4296875 0.0283203125 0.099609375
0 0.4619140625 0.474609375 0.0302734375 0.09375
0 0.4990234375 0.5146484375 0.0498046875 0.0693359375
0 0.5908203125 0.6171875 0.044921875 0.103515625
0 0.5517578125 0.611328125 0.046875 0.076171875
0 0.5556640625 0.529296875 0.0244140625 0.0625