0 0.58203125 0.8037109375 0.0595703125 0.1572265625
0 0.5517578125 0.8330078125 0.0439453125 0.0947265625
0 0.5361328125 0.71484375 0.0869140625 0.1123046875
0 0.630859375 0.6875 0.0576171875 0.099609375
0 0.6904296875 0.52734375 0.083984375 0.13671875
0 0.501953125 0.8369140625 0.0615234375 0.123046875
0 0.4892578125 0.7724609375 0.0634765625 0.09375
0 0.6357421875 0.58203125 0.0537109375 0.158203125
0 0.5 0.6123046875 0.0654296875 0.1611328125
0 0.4716796875 0.53515625 0.03515625 0.078125
0 0.548828125 0.5712890625 0.0302734375 0.125
0 0.51953125 0.4677734375 0.048828125 0.068359375
0 0.5654296875 0.4384765625 0.0283203125 0.068359375
0 0.6005859375 0.4638671875 0.01953125 0.056640625
0 0.59375 0.5849609375 0.03125 0.0947265625
0 0.583984375 0.6484375 0.0341796875 0.0712890625
0 0.64453125 0.4736328125 0.046875 0.0380859375