0 0.8212890625 0.529296875 0.095703125 0.2626953125
0 0.7080078125 0.5556640625 0.0654296875 0.169921875
0 0.755859375 0.4326171875 0.0869140625 0.16015625
0 0.76171875 0.5390625 0.091796875 0.2138671875
0 0.8623046875 0.521484375 0.076171875 0.333984375
0 0.671875 0.490234375 0.0615234375 0.19140625
0 0.658203125 0.3759765625 0.0556640625 0.11328125
0 0.6162109375 0.376953125 0.0380859375 0.1318359375
0 0.6416015625 0.4716796875 0.0419921875 0.1357421875
0 0.6015625 0.486328125 0.04296875 0.169921875
0 0.6005859375 0.4580078125 0.033203125 0.1015625
0 0.6279296875 0.8759765625 0.0751953125 0.244140625
0 0.6904296875 0.7470703125 0.072265625 0.259765625
0 0.599609375 0.6337890625 0.021484375 0.0966796875
0 0.625 0.591796875 0.03515625 0.048828125
0 0.54296875 0.7763671875 0.083984375 0.2646484375
0 0.6220703125 0.69921875 0.044921875 0.0693359375
0 0.6513671875 0.6298828125 0.0390625 0.0419921875