0 0.1416015625 0.3935546875 0.09375 0.3818359375
0 0.2412109375 0.3916015625 0.134765625 0.357421875
0 0.349609375 0.3994140625 0.125 0.3232421875
0 0.423828125 0.4150390625 0.05859375 0.2548828125
0 0.3369140625 0.7578125 0.0810546875 0.2333984375
0 0.4560546875 0.689453125 0.0966796875 0.3525390625
0 0.380859375 0.6806640625 0.064453125 0.2265625
0 0.546875 0.736328125 0.0537109375 0.2685546875
0 0.5869140625 0.76171875 0.06640625 0.23828125
0 0.533203125 0.470703125 0.033203125 0.06640625
0 0.50390625 0.515625 0.0546875 0.087890625
0 0.560546875 0.5361328125 0.0537109375 0.0927734375
0 0.6123046875 0.623046875 0.078125 0.166015625
0 0.4677734375 0.1962890625 0.037109375 0.142578125
0 0.580078125 0.2861328125 0.087890625 0.169921875
0 0.6455078125 0.248046875 0.07421875 0.1865234375
0 0.62109375 0.326171875 0.064453125 0.2861328125
0 0.5107421875 0.3203125 0.09375 0.142578125
0 0.4931640625 0.2119140625 0.0458984375 0.0908203125
0 0.5234375 0.1435546875 0.0400390625 0.044921875