0 0.4560546875 0.572265625 0.0517578125 0.2138671875
0 0.484375 0.544921875 0.0498046875 0.1884765625
0 0.5537109375 0.8779296875 0.115234375 0.1845703125
0 0.470703125 0.8818359375 0.076171875 0.1796875
0 0.4951171875 0.9580078125 0.03515625 0.076171875
0 0.703125 0.8974609375 0.06640625 0.189453125
0 0.7451171875 0.5947265625 0.18359375 0.2548828125
0 0.689453125 0.626953125 0.0849609375 0.2578125
0 0.6142578125 0.5810546875 0.0732421875 0.169921875
0 0.638671875 0.6025390625 0.0517578125 0.1328125
0 0.64453125 0.7080078125 0.0634765625 0.107421875
0 0.6572265625 0.7861328125 0.0791015625 0.103515625
0 0.4951171875 0.732421875 0.0380859375 0.083984375
0 0.5244140625 0.7421875 0.0302734375 0.07421875
0 0.5732421875 0.7333984375 0.0947265625 0.1279296875
0 0.54296875 0.5380859375 0.083984375 0.1953125
0 0.556640625 0.4580078125 0.0380859375 0.08984375
0 0.6474609375 0.44921875 0.0458984375 0.08984375
0 0.599609375 0.4501953125 0.025390625 0.0673828125
0 0.556640625 0.6640625 0.0244140625 0.08203125