0 0.2978515625 0.828125 0.095703125 0.32421875
0 0.421875 0.4208984375 0.0595703125 0.14453125
0 0.376953125 0.412109375 0.021484375 0.1142578125
0 0.3681640625 0.5498046875 0.048828125 0.189453125
0 0.4150390625 0.5478515625 0.0849609375 0.1865234375
0 0.384765625 0.8046875 0.1123046875 0.3154296875
0 0.478515625 0.6650390625 0.1298828125 0.26171875
0 0.462890625 0.501953125 0.0517578125 0.078125
0 0.58984375 0.5634765625 0.103515625 0.0771484375
0 0.62109375 0.6015625 0.05859375 0.0556640625
0 0.677734375 0.603515625 0.05078125 0.0556640625
0 0.6611328125 0.6748046875 0.0400390625 0.0654296875
0 0.6845703125 0.7685546875 0.1064453125 0.322265625
0 0.568359375 0.642578125 0.0673828125 0.0927734375
0 0.5263671875 0.7490234375 0.0537109375 0.146484375
0 0.521484375 0.67578125 0.029296875 0.0263671875
0 0.591796875 0.818359375 0.1279296875 0.33203125
0 0.447265625 0.931640625 0.09375 0.13671875
0 0.5224609375 0.9736328125 0.072265625 0.052734375
0 0.5537109375 0.9404296875 0.0693359375 0.1181640625
0 0.458984375 0.8125 0.0595703125 0.13671875