0 0.482421875 0.8623046875 0.109375 0.2158203125
0 0.5458984375 0.7958984375 0.04296875 0.099609375
0 0.3896484375 0.7060546875 0.0859375 0.1298828125
0 0.435546875 0.638671875 0.076171875 0.072265625
0 0.375 0.49609375 0.05078125 0.048828125
0 0.3583984375 0.5615234375 0.0224609375 0.0673828125
0 0.3818359375 0.548828125 0.025390625 0.0791015625
0 0.375 0.6220703125 0.041015625 0.05078125
0 0.5791015625 0.6728515625 0.05078125 0.1318359375
0 0.5361328125 0.67578125 0.0263671875 0.05859375
0 0.5087890625 0.673828125 0.01953125 0.0546875
0 0.513671875 0.7275390625 0.0341796875 0.044921875
0 0.5361328125 0.625 0.0283203125 0.0322265625
0 0.498046875 0.6318359375 0.0361328125 0.05078125
0 0.5361328125 0.595703125 0.0419921875 0.0390625
0 0.5048828125 0.556640625 0.0302734375 0.0791015625
0 0.591796875 0.509765625 0.0751953125 0.134765625
0 0.5400390625 0.5068359375 0.046875 0.1123046875
0 0.490234375 0.4521484375 0.0263671875 0.052734375
0 0.5146484375 0.4755859375 0.0380859375 0.0576171875
0 0.4296875 0.533203125 0.060546875 0.07421875
0 0.4697265625 0.60546875 0.041015625 0.04296875