0 0.5009765625 0.6865234375 0.0458984375 0.1591796875
0 0.3359375 0.77734375 0.0244140625 0.0888671875
0 0.3251953125 0.7255859375 0.021484375 0.0712890625
0 0.357421875 0.4501953125 0.0673828125 0.109375
0 0.33984375 0.4697265625 0.037109375 0.1181640625
0 0.416015625 0.419921875 0.0341796875 0.05859375
0 0.4443359375 0.36328125 0.021484375 0.0419921875
0 0.4404296875 0.388671875 0.0283203125 0.02734375
0 0.51953125 0.4326171875 0.0615234375 0.09765625
0 0.482421875 0.4208984375 0.03125 0.0693359375
0 0.5556640625 0.5185546875 0.056640625 0.1396484375
0 0.583984375 0.6962890625 0.0341796875 0.1640625
0 0.5546875 0.6953125 0.0439453125 0.125
0 0.4951171875 0.533203125 0.05859375 0.1240234375
0 0.546875 0.5673828125 0.0556640625 0.1455078125
0 0.3876953125 0.5947265625 0.0673828125 0.16015625
0 0.427734375 0.619140625 0.044921875 0.1494140625
0 0.431640625 0.478515625 0.0859375 0.08984375
0 0.3271484375 0.59375 0.0439453125 0.1611328125
0 0.3447265625 0.6474609375 0.046875 0.2431640625