0 0.4091796875 0.8349609375 0.0947265625 0.2490234375
0 0.318359375 0.6162109375 0.05078125 0.2236328125
0 0.3671875 0.55859375 0.0693359375 0.125
0 0.365234375 0.6240234375 0.033203125 0.0234375
0 0.4111328125 0.5478515625 0.0615234375 0.07421875
0 0.4013671875 0.4951171875 0.048828125 0.0634765625
0 0.4609375 0.486328125 0.078125 0.1396484375
0 0.5078125 0.4384765625 0.06640625 0.1103515625
0 0.5439453125 0.5556640625 0.0859375 0.171875
0 0.6083984375 0.5732421875 0.0380859375 0.20703125
0 0.4970703125 0.556640625 0.052734375 0.0849609375
0 0.4794921875 0.7236328125 0.0830078125 0.17578125
0 0.4013671875 0.685546875 0.048828125 0.06640625
0 0.4169921875 0.6376953125 0.0517578125 0.09765625
0 0.455078125 0.5927734375 0.0498046875 0.1005859375
0 0.56640625 0.689453125 0.0341796875 0.1318359375
0 0.5361328125 0.7001953125 0.046875 0.1005859375
0 0.505859375 0.6767578125 0.0400390625 0.07421875
0 0.4912109375 0.625 0.0517578125 0.0732421875