0 0.4326171875 0.6962890625 0.08203125 0.2119140625
0 0.494140625 0.7607421875 0.0517578125 0.1240234375
0 0.4921875 0.626953125 0.091796875 0.134765625
0 0.5595703125 0.474609375 0.060546875 0.1025390625
0 0.5673828125 0.5263671875 0.0703125 0.1357421875
0 0.6484375 0.5478515625 0.0439453125 0.2236328125
0 0.580078125 0.8740234375 0.0712890625 0.17578125
0 0.5458984375 0.7138671875 0.0546875 0.0771484375
0 0.6787109375 0.8056640625 0.0595703125 0.189453125
0 0.6591796875 0.69921875 0.0302734375 0.0556640625
0 0.646484375 0.6640625 0.041015625 0.0478515625
0 0.609375 0.6279296875 0.0302734375 0.1123046875
0 0.6162109375 0.7509765625 0.0478515625 0.0849609375
0 0.630859375 0.900390625 0.0556640625 0.19921875
0 0.6103515625 0.7099609375 0.048828125 0.068359375
0 0.568359375 0.625 0.0517578125 0.0625