0 0.4560546875 0.810546875 0.0419921875 0.185546875
0 0.4921875 0.4677734375 0.0283203125 0.1796875
0 0.5263671875 0.39453125 0.05859375 0.15234375
0 0.517578125 0.4609375 0.03125 0.115234375
0 0.6220703125 0.373046875 0.0322265625 0.06640625
0 0.5791015625 0.3369140625 0.0673828125 0.19921875
0 0.5830078125 0.4287109375 0.0654296875 0.125
0 0.806640625 0.408203125 0.087890625 0.119140625
0 0.7294921875 0.4384765625 0.083984375 0.166015625
0 0.669921875 0.4599609375 0.056640625 0.1220703125
0 0.658203125 0.533203125 0.0439453125 0.1064453125
0 0.6943359375 0.5244140625 0.0419921875 0.150390625
0 0.7626953125 0.4931640625 0.05859375 0.1875
0 0.8388671875 0.4765625 0.095703125 0.21875
0 0.478515625 0.7421875 0.0791015625 0.259765625
0 0.578125 0.55859375 0.0439453125 0.078125
0 0.5595703125 0.6943359375 0.087890625 0.2998046875
0 0.546875 0.775390625 0.0302734375 0.107421875
0 0.7763671875 0.83984375 0.1162109375 0.2978515625
0 0.6611328125 0.7822265625 0.1240234375 0.2431640625
0 0.751953125 0.763671875 0.0791015625 0.138671875
0 0.6767578125 0.619140625 0.0400390625 0.0771484375