0 0.3271484375 0.529296875 0.09375 0.1328125
0 0.4052734375 0.57421875 0.0888671875 0.185546875
0 0.44140625 0.70703125 0.0419921875 0.1044921875
0 0.47265625 0.83984375 0.0673828125 0.154296875
0 0.5537109375 0.5791015625 0.0791015625 0.083984375
0 0.435546875 0.4814453125 0.0458984375 0.1044921875
0 0.4501953125 0.41796875 0.0419921875 0.03125
0 0.501953125 0.6669921875 0.080078125 0.1669921875
0 0.5595703125 0.712890625 0.076171875 0.1630859375
0 0.5146484375 0.767578125 0.0517578125 0.0830078125
0 0.505859375 0.4609375 0.041015625 0.1533203125
0 0.486328125 0.4404296875 0.03125 0.05078125
0 0.5302734375 0.4658203125 0.04296875 0.1357421875