0 0.421875 0.650390625 0.044921875 0.1181640625
0 0.416015625 0.5849609375 0.01953125 0.037109375
0 0.4326171875 0.603515625 0.033203125 0.0673828125
0 0.4560546875 0.6572265625 0.0458984375 0.103515625
0 0.4365234375 0.7529296875 0.04296875 0.0966796875
0 0.4599609375 0.796875 0.044921875 0.1181640625
0 0.4384765625 0.8408203125 0.0283203125 0.068359375
0 0.5029296875 0.6123046875 0.0380859375 0.0703125
0 0.4873046875 0.4892578125 0.02734375 0.0439453125
0 0.4541015625 0.4755859375 0.044921875 0.0390625
0 0.451171875 0.505859375 0.033203125 0.060546875
0 0.4404296875 0.5361328125 0.025390625 0.0380859375
0 0.453125 0.576171875 0.0341796875 0.068359375
0 0.5263671875 0.552734375 0.0615234375 0.05859375
0 0.5849609375 0.599609375 0.0419921875 0.1220703125
0 0.5703125 0.5947265625 0.0390625 0.0771484375
0 0.53515625 0.5986328125 0.029296875 0.072265625
0 0.5439453125 0.65625 0.068359375 0.0771484375
0 0.4921875 0.7255859375 0.0673828125 0.17578125