0 0.4560546875 0.6083984375 0.068359375 0.19921875
0 0.4150390625 0.658203125 0.04296875 0.2734375
0 0.533203125 0.6318359375 0.06640625 0.177734375
0 0.5107421875 0.73046875 0.033203125 0.1259765625
0 0.52734375 0.5029296875 0.0498046875 0.0625
0 0.56640625 0.49609375 0.021484375 0.0625
0 0.583984375 0.490234375 0.0146484375 0.05078125
0 0.62890625 0.505859375 0.068359375 0.056640625
0 0.7041015625 0.634765625 0.099609375 0.173828125
0 0.787109375 0.662109375 0.103515625 0.1865234375
0 0.6005859375 0.5625 0.056640625 0.0615234375
0 0.6162109375 0.6474609375 0.07421875 0.1376953125
0 0.5908203125 0.8583984375 0.111328125 0.2763671875
0 0.4658203125 0.873046875 0.091796875 0.103515625
0 0.5263671875 0.8740234375 0.017578125 0.1328125
0 0.763671875 0.8427734375 0.1005859375 0.1513671875
0 0.6728515625 0.8330078125 0.0361328125 0.1845703125
0 0.7021484375 0.8515625 0.0244140625 0.181640625