0 0.6552734375 0.880859375 0.060546875 0.23828125
0 0.603515625 0.8642578125 0.0693359375 0.2001953125
0 0.5361328125 0.8583984375 0.0791015625 0.1982421875
0 0.4716796875 0.86328125 0.0732421875 0.16796875
0 0.36328125 0.869140625 0.068359375 0.26171875
0 0.330078125 0.6806640625 0.0703125 0.265625
0 0.658203125 0.51953125 0.0654296875 0.1630859375
0 0.6826171875 0.5654296875 0.1015625 0.30078125
0 0.5966796875 0.544921875 0.10546875 0.2724609375
0 0.4814453125 0.62890625 0.1025390625 0.3828125
0 0.41015625 0.6572265625 0.0546875 0.33984375
0 0.373046875 0.6181640625 0.072265625 0.1982421875
0 0.5654296875 0.712890625 0.0576171875 0.099609375
0 0.5849609375 0.662109375 0.099609375 0.1943359375