0 0.5087890625 0.443359375 0.0546875 0.1318359375
0 0.4892578125 0.455078125 0.048828125 0.1142578125
0 0.455078125 0.39453125 0.0439453125 0.11328125
0 0.4697265625 0.2998046875 0.0625 0.15234375
0 0.3994140625 0.3984375 0.0869140625 0.2783203125
0 0.36328125 0.388671875 0.0517578125 0.1845703125
0 0.3525390625 0.75 0.04296875 0.068359375
0 0.361328125 0.6689453125 0.0595703125 0.1865234375
0 0.3984375 0.599609375 0.060546875 0.1259765625
0 0.45703125 0.583984375 0.0654296875 0.1005859375
0 0.4150390625 0.701171875 0.0810546875 0.1923828125
0 0.4619140625 0.8173828125 0.1123046875 0.279296875
0 0.5673828125 0.708984375 0.078125 0.1962890625
0 0.5107421875 0.6865234375 0.09765625 0.1923828125
0 0.4853515625 0.494140625 0.0400390625 0.0966796875