0 0.2412109375 0.345703125 0.048828125 0.142578125
0 0.2958984375 0.2490234375 0.0302734375 0.048828125
0 0.27734375 0.3291015625 0.0390625 0.0986328125
0 0.2900390625 0.38671875 0.064453125 0.1953125
0 0.466796875 0.3173828125 0.0634765625 0.328125
0 0.384765625 0.287109375 0.0869140625 0.2666015625
0 0.6767578125 0.7255859375 0.134765625 0.40234375
0 0.5478515625 0.732421875 0.166015625 0.376953125
0 0.189453125 0.658203125 0.1123046875 0.318359375
0 0.2880859375 0.5400390625 0.087890625 0.134765625
0 0.2587890625 0.7685546875 0.1806640625 0.349609375
0 0.3056640625 0.927734375 0.046875 0.1435546875
0 0.3154296875 0.8017578125 0.140625 0.2509765625
0 0.3515625 0.7177734375 0.0771484375 0.19140625
0 0.427734375 0.587890625 0.142578125 0.1826171875
0 0.4677734375 0.650390625 0.0732421875 0.0947265625
0 0.47265625 0.7421875 0.052734375 0.13671875
0 0.4404296875 0.763671875 0.0478515625 0.1650390625
0 0.5478515625 0.8623046875 0.0263671875 0.1650390625