0 0.5984375 0.19609375 0.32734375 0.26796875
0 0.18515625 0.2109375 0.3703125 0.2796875
0 0.2140625 0.378125 0.3625 0.42890625
0 0.16328125 0.625 0.23203125 0.36875
0 0.5828125 0.8875 0.28671875 0.225
0 0.534375 0.63203125 0.63203125 0.528125
0 0.8984375 0.36640625 0.203125 0.42109375
0 0.64140625 0.06171875 0.1453125 0.1171875
0 0.70546875 0.1484375 0.08671875 0.10859375
0 0.78984375 0.1125 0.13828125 0.0875
0 0.95078125 0.071875 0.0984375 0.14375
0 0.1484375 0.0421875 0.234375 0.084375
0 0.3 0.07265625 0.08515625 0.0890625
0 0.41015625 0.034375 0.23984375 0.06875
0 0.51640625 0.4953125 0.1125 0.13359375
0 0.7 0.38515625 0.125 0.19375