0 0.17734375 0.271875 0.3390625 0.278125
0 0.53515625 0.68671875 0.628125 0.475
0 0.875 0.40390625 0.25 0.48359375
0 0.5609375 0.24453125 0.34296875 0.23359375
0 0.890625 0.04765625 0.215625 0.0953125
0 0.11875 0.6921875 0.2375 0.42265625
0 0.57578125 0.8953125 0.2921875 0.209375
0 0.50078125 0.5390625 0.12578125 0.14453125
0 0.3671875 0.059375 0.30546875 0.11015625
0 0.1140625 0.065625 0.215625 0.125
0 0.2953125 0.0828125 0.23984375 0.1625
0 0.675 0.1328125 0.26875 0.1921875
0 0.66328125 0.0234375 0.13046875 0.04609375
0 0.66484375 0.428125 0.1484375 0.21875