0 0.28984375 0.6328125 0.11015625 0.11171875
0 0.4984375 0.6796875 0.1265625 0.14609375
0 0.42890625 0.58984375 0.10625 0.0859375
0 0.59296875 0.55078125 0.1578125 0.11953125
0 0.7890625 0.5140625 0.34765625 0.40625
0 0.57109375 0.23203125 0.209375 0.1546875
0 0.096875 0.43515625 0.19375 0.2796875
0 0.42890625 0.384375 0.290625 0.18984375
0 0.35234375 0.24375 0.15703125 0.16171875
0 0.42890625 0.24296875 0.14765625 0.14453125
0 0.3453125 0.45390625 0.153125 0.071875
0 0.38359375 0.51953125 0.12890625 0.09921875