0 0.6265625 0.67421875 0.20234375 0.16796875
0 0.3203125 0.2890625 0.21875 0.17734375
0 0.54296875 0.13671875 0.21484375 0.26015625
0 0.76484375 0.1 0.3421875 0.1796875
0 0.65546875 0.28359375 0.3140625 0.240625
0 0.33515625 0.19921875 0.2421875 0.109375
0 0.71171875 0.396875 0.175 0.16640625
0 0.6046875 0.55 0.140625 0.11328125
0 0.3625 0.4484375 0.209375 0.1234375
0 0.2453125 0.66640625 0.490625 0.5109375
0 0.121875 0.5828125 0.24375 0.2484375
0 0.42109375 0.61171875 0.13359375 0.1734375
0 0.51328125 0.38515625 0.1375 0.16953125