0 0.63515625 0.75234375 0.2 0.17421875
0 0.609375 0.61796875 0.125 0.08984375
0 0.4015625 0.4453125 0.21171875 0.11953125
0 0.37890625 0.3203125 0.23828125 0.18515625
0 0.7 0.40625 0.3515625 0.23671875
0 0.60625 0.19140625 0.27421875 0.21328125
0 0.83828125 0.18203125 0.3234375 0.2359375
0 0.4109375 0.21015625 0.246875 0.1265625
0 0.54375 0.37421875 0.1203125 0.1234375
0 0.540625 0.45625 0.1046875 0.13671875
0 0.22734375 0.65 0.434375 0.359375
0 0.115625 0.54453125 0.22578125 0.13515625
0 0.39921875 0.6171875 0.1703125 0.20078125
0 0.76953125 0.52421875 0.2109375 0.2015625