0 0.63125 0.6890625 0.22421875 0.23515625
0 0.503125 0.36640625 0.18046875 0.13125
0 0.89921875 0.0609375 0.20078125 0.121875
0 0.21484375 0.15390625 0.4296875 0.26953125
0 0.16015625 0.446875 0.31171875 0.51328125
0 0.34453125 0.746875 0.6890625 0.50625
0 0.46953125 0.52109375 0.17734375 0.17890625
0 0.5390625 0.6 0.15859375 0.2140625
0 0.48671875 0.21484375 0.18984375 0.20390625
0 0.56796875 0.25 0.11171875 0.17265625
0 0.76953125 0.165625 0.23125 0.2875
0 0.91484375 0.21484375 0.15390625 0.1828125
0 0.6078125 0.04765625 0.303125 0.0953125
0 0.3796875 0.11015625 0.34140625 0.2203125