0 0.419921875 0.5322265625 0.087890625 0.2197265625
0 0.4970703125 0.4931640625 0.07421875 0.171875
0 0.5439453125 0.5693359375 0.0234375 0.1318359375
0 0.4501953125 0.583984375 0.04296875 0.046875
0 0.6201171875 0.6025390625 0.0517578125 0.1728515625
0 0.703125 0.6005859375 0.1103515625 0.169921875
0 0.57421875 0.541015625 0.0302734375 0.1279296875
0 0.609375 0.494140625 0.037109375 0.04296875
0 0.5546875 0.4599609375 0.02734375 0.0859375
0 0.390625 0.341796875 0.0556640625 0.1494140625
0 0.4423828125 0.3330078125 0.0556640625 0.138671875
0 0.5048828125 0.28125 0.0439453125 0.044921875
0 0.5029296875 0.353515625 0.052734375 0.0947265625
0 0.5673828125 0.3583984375 0.056640625 0.1572265625
0 0.6044921875 0.419921875 0.013671875 0.09375
0 0.6435546875 0.37890625 0.03125 0.146484375
0 0.6162109375 0.3330078125 0.0224609375 0.0791015625
0 0.6484375 0.298828125 0.0791015625 0.083984375
0 0.708984375 0.421875 0.0830078125 0.1572265625
0 0.580078125 0.23828125 0.0595703125 0.0458984375
0 0.505859375 0.234375 0.0498046875 0.0546875
0 0.541015625 0.236328125 0.013671875 0.0556640625
0 0.5517578125 0.271484375 0.0283203125 0.01953125