0 0.5576171875 0.7158203125 0.0595703125 0.1376953125
0 0.4775390625 0.6533203125 0.0390625 0.046875
0 0.6103515625 0.568359375 0.0400390625 0.0615234375
0 0.587890625 0.6484375 0.0615234375 0.0703125
0 0.607421875 0.6259765625 0.029296875 0.03125
0 0.513671875 0.6708984375 0.056640625 0.1064453125
0 0.5166015625 0.5634765625 0.03125 0.0439453125
0 0.5166015625 0.599609375 0.0546875 0.03515625
0 0.5625 0.5458984375 0.01953125 0.03125
0 0.5341796875 0.5439453125 0.03125 0.0517578125
0 0.5849609375 0.5673828125 0.041015625 0.04296875
0 0.5595703125 0.595703125 0.02734375 0.0458984375