0 0.5654296875 0.8330078125 0.0771484375 0.2412109375
0 0.583984375 0.7470703125 0.0537109375 0.0830078125
0 0.5556640625 0.6796875 0.0537109375 0.0517578125
0 0.5244140625 0.6787109375 0.0634765625 0.078125
0 0.50390625 0.7666015625 0.0830078125 0.1787109375
0 0.4462890625 0.7216796875 0.0283203125 0.0810546875
0 0.330078125 0.66015625 0.0615234375 0.2294921875
0 0.400390625 0.6806640625 0.09765625 0.24609375
0 0.583984375 0.59375 0.0458984375 0.1328125
0 0.58203125 0.5283203125 0.056640625 0.0908203125
0 0.529296875 0.5693359375 0.0400390625 0.1298828125
0 0.5439453125 0.5615234375 0.0361328125 0.0908203125
0 0.5546875 0.484375 0.0341796875 0.0908203125
0 0.5205078125 0.4814453125 0.0498046875 0.08984375
0 0.4990234375 0.490234375 0.029296875 0.0693359375
0 0.48046875 0.455078125 0.0302734375 0.0537109375
0 0.4228515625 0.4736328125 0.025390625 0.0419921875
0 0.443359375 0.4736328125 0.009765625 0.0244140625
0 0.390625 0.5029296875 0.046875 0.0751953125
0 0.4599609375 0.564453125 0.0732421875 0.1162109375
0 0.4921875 0.5498046875 0.060546875 0.0927734375