0 0.517578125 0.517578125 0.076171875 0.24609375
0 0.453125 0.48828125 0.0439453125 0.177734375
0 0.3974609375 0.6328125 0.07421875 0.150390625
0 0.3408203125 0.6865234375 0.0380859375 0.2373046875
0 0.533203125 0.6689453125 0.033203125 0.1279296875
0 0.583984375 0.6826171875 0.0498046875 0.13671875
0 0.63671875 0.720703125 0.056640625 0.1318359375
0 0.55078125 0.58203125 0.0302734375 0.0859375
0 0.58203125 0.5791015625 0.029296875 0.05859375
0 0.5966796875 0.46484375 0.0703125 0.169921875
0 0.5400390625 0.359375 0.0439453125 0.060546875
0 0.4970703125 0.3525390625 0.0400390625 0.0537109375
0 0.50390625 0.3076171875 0.015625 0.0302734375
0 0.453125 0.357421875 0.0419921875 0.05859375
0 0.408203125 0.4013671875 0.048828125 0.1298828125
0 0.4072265625 0.505859375 0.046875 0.09765625
0 0.44921875 0.609375 0.0439453125 0.109375
0 0.4677734375 0.3251953125 0.0185546875 0.021484375