0 0.439453125 0.4248046875 0.060546875 0.072265625
0 0.474609375 0.521484375 0.052734375 0.1494140625
0 0.5205078125 0.5029296875 0.046875 0.138671875
0 0.56640625 0.49609375 0.0400390625 0.1357421875
0 0.58984375 0.6103515625 0.041015625 0.126953125
0 0.623046875 0.6181640625 0.0322265625 0.171875
0 0.6572265625 0.591796875 0.044921875 0.0849609375
0 0.482421875 0.6474609375 0.0849609375 0.1083984375
0 0.494140625 0.3583984375 0.052734375 0.0751953125
0 0.5693359375 0.361328125 0.029296875 0.041015625
0 0.634765625 0.455078125 0.04296875 0.09765625
0 0.6064453125 0.4873046875 0.03125 0.099609375
0 0.6640625 0.453125 0.0361328125 0.0751953125
0 0.5390625 0.369140625 0.03125 0.041015625
0 0.580078125 0.4140625 0.056640625 0.0439453125
0 0.494140625 0.4208984375 0.0498046875 0.044921875
0 0.537109375 0.412109375 0.02734375 0.0302734375