0 0.560546875 0.64453125 0.11328125 0.2294921875
0 0.412109375 0.669921875 0.0908203125 0.205078125
0 0.458984375 0.80078125 0.0322265625 0.1044921875
0 0.6162109375 0.7890625 0.072265625 0.1982421875
0 0.671875 0.828125 0.072265625 0.224609375
0 0.5927734375 0.4951171875 0.0849609375 0.1357421875
0 0.462890625 0.5439453125 0.1005859375 0.1416015625
0 0.4169921875 0.5205078125 0.080078125 0.111328125
0 0.361328125 0.7431640625 0.03125 0.236328125
0 0.5625 0.8046875 0.044921875 0.158203125
0 0.4755859375 0.6953125 0.0458984375 0.2021484375