0 0.3310546875 0.533203125 0.0283203125 0.07421875
0 0.3193359375 0.5068359375 0.0712890625 0.23828125
0 0.3701171875 0.4951171875 0.0546875 0.203125
0 0.4921875 0.7724609375 0.0703125 0.18359375
0 0.5322265625 0.7236328125 0.0712890625 0.1123046875
0 0.513671875 0.6513671875 0.0595703125 0.0625
0 0.4267578125 0.6865234375 0.0966796875 0.1376953125
0 0.390625 0.626953125 0.044921875 0.1181640625
0 0.4375 0.587890625 0.05078125 0.0849609375
0 0.421875 0.4658203125 0.044921875 0.1025390625
0 0.384765625 0.375 0.0439453125 0.0517578125
0 0.41796875 0.33984375 0.02734375 0.0390625
0 0.435546875 0.32421875 0.0400390625 0.0341796875
0 0.44140625 0.3701171875 0.056640625 0.06640625
0 0.455078125 0.4326171875 0.0439453125 0.1513671875
0 0.51171875 0.3798828125 0.04296875 0.04296875
0 0.513671875 0.484375 0.087890625 0.1591796875
0 0.578125 0.5654296875 0.06640625 0.1953125
0 0.494140625 0.5791015625 0.0556640625 0.1396484375
0 0.51953125 0.58203125 0.037109375 0.0859375