0 0.5185546875 0.7919921875 0.1064453125 0.185546875
0 0.447265625 0.861328125 0.0751953125 0.23828125
0 0.51171875 0.5341796875 0.0732421875 0.1875
0 0.615234375 0.6083984375 0.087890625 0.181640625
0 0.626953125 0.7939453125 0.0546875 0.123046875
0 0.443359375 0.634765625 0.0732421875 0.1142578125
0 0.4140625 0.68359375 0.0517578125 0.1591796875
0 0.5888671875 0.4794921875 0.0517578125 0.08203125
0 0.6875 0.6376953125 0.08984375 0.2607421875
0 0.677734375 0.796875 0.0595703125 0.1357421875
0 0.53515625 0.6630859375 0.0576171875 0.1201171875
0 0.5927734375 0.70703125 0.0625 0.13671875