0 0.5859375 0.6884765625 0.0537109375 0.1376953125
0 0.541015625 0.6865234375 0.0400390625 0.1279296875
0 0.5751953125 0.5927734375 0.060546875 0.048828125
0 0.48828125 0.6748046875 0.0634765625 0.1728515625
0 0.51953125 0.5625 0.0498046875 0.0546875
0 0.439453125 0.5283203125 0.056640625 0.078125
0 0.4755859375 0.513671875 0.013671875 0.01953125
0 0.4794921875 0.544921875 0.0185546875 0.03125
0 0.4130859375 0.5947265625 0.052734375 0.134765625
0 0.38671875 0.6396484375 0.0302734375 0.1318359375
0 0.421875 0.4697265625 0.0458984375 0.09375
0 0.4765625 0.4169921875 0.02734375 0.0400390625
0 0.537109375 0.466796875 0.033203125 0.068359375
0 0.5615234375 0.4814453125 0.0283203125 0.091796875
0 0.4736328125 0.474609375 0.0322265625 0.0556640625
0 0.5126953125 0.4619140625 0.0146484375 0.0439453125
0 0.4951171875 0.4658203125 0.017578125 0.03515625
0 0.494140625 0.39453125 0.013671875 0.0302734375
0 0.515625 0.408203125 0.033203125 0.0283203125
0 0.5068359375 0.427734375 0.0234375 0.025390625
0 0.529296875 0.5234375 0.0322265625 0.0244140625