0 0.3671875 0.5615234375 0.03125 0.1591796875
0 0.4208984375 0.5341796875 0.0712890625 0.16796875
0 0.4658203125 0.4755859375 0.0830078125 0.12890625
0 0.5107421875 0.45703125 0.0654296875 0.125
0 0.4775390625 0.359375 0.0146484375 0.0498046875
0 0.4697265625 0.8037109375 0.08203125 0.2060546875
0 0.3955078125 0.689453125 0.0654296875 0.0869140625
0 0.3876953125 0.8095703125 0.0849609375 0.1767578125
0 0.58203125 0.4697265625 0.052734375 0.1181640625
0 0.5400390625 0.46484375 0.0224609375 0.0361328125
0 0.6142578125 0.5224609375 0.0595703125 0.1015625
0 0.517578125 0.5966796875 0.0556640625 0.1865234375
0 0.587890625 0.662109375 0.091796875 0.2568359375
0 0.6337890625 0.6005859375 0.0400390625 0.09375
0 0.4755859375 0.7109375 0.05859375 0.078125
0 0.4697265625 0.61328125 0.052734375 0.125
0 0.513671875 0.4111328125 0.03125 0.0341796875
0 0.443359375 0.392578125 0.041015625 0.0302734375