0 0.4130859375 0.626953125 0.0693359375 0.1708984375
0 0.5283203125 0.8271484375 0.052734375 0.1650390625
0 0.5791015625 0.728515625 0.0732421875 0.1005859375
0 0.4990234375 0.6923828125 0.04296875 0.0849609375
0 0.4697265625 0.8251953125 0.0703125 0.1796875
0 0.4638671875 0.607421875 0.0849609375 0.18359375
0 0.6943359375 0.59765625 0.1005859375 0.140625
0 0.6474609375 0.6611328125 0.060546875 0.1728515625
0 0.6337890625 0.7109375 0.0439453125 0.0517578125
0 0.62890625 0.767578125 0.0419921875 0.0869140625
0 0.6083984375 0.658203125 0.0283203125 0.04296875
0 0.53125 0.5732421875 0.0478515625 0.1123046875
0 0.5634765625 0.6181640625 0.080078125 0.16015625
0 0.5966796875 0.5458984375 0.0556640625 0.09375
0 0.6259765625 0.5166015625 0.04296875 0.078125
0 0.5869140625 0.470703125 0.0302734375 0.0458984375
0 0.6025390625 0.4443359375 0.060546875 0.0341796875
0 0.6083984375 0.4677734375 0.0537109375 0.0634765625
0 0.5224609375 0.4873046875 0.0810546875 0.0419921875
0 0.5322265625 0.5166015625 0.05078125 0.0595703125
0 0.5576171875 0.439453125 0.025390625 0.0244140625