0 0.5576171875 0.6728515625 0.03125 0.0673828125
0 0.5302734375 0.6494140625 0.017578125 0.0341796875
0 0.40234375 0.70703125 0.029296875 0.0966796875
0 0.4404296875 0.69921875 0.0458984375 0.1298828125
0 0.4755859375 0.724609375 0.044921875 0.12109375
0 0.53125 0.701171875 0.0458984375 0.0693359375
0 0.51171875 0.7236328125 0.041015625 0.078125
0 0.4912109375 0.6923828125 0.0302734375 0.0322265625
0 0.5068359375 0.6083984375 0.0341796875 0.03125
0 0.4658203125 0.6220703125 0.013671875 0.0244140625
0 0.482421875 0.6240234375 0.0107421875 0.0126953125
0 0.4853515625 0.6484375 0.0234375 0.0283203125
0 0.5107421875 0.6513671875 0.013671875 0.0244140625