0 0.4794921875 0.5341796875 0.1201171875 0.369140625
0 0.423828125 0.787109375 0.1044921875 0.1396484375
0 0.361328125 0.7890625 0.0751953125 0.1826171875
0 0.572265625 0.63671875 0.0732421875 0.220703125
0 0.6337890625 0.654296875 0.064453125 0.2138671875
0 0.3427734375 0.591796875 0.056640625 0.2275390625
0 0.40625 0.3583984375 0.072265625 0.1220703125
0 0.38671875 0.4599609375 0.0654296875 0.1640625
0 0.2744140625 0.501953125 0.14453125 0.1533203125
0 0.322265625 0.51953125 0.0517578125 0.119140625
0 0.4033203125 0.6572265625 0.0732421875 0.099609375
0 0.4599609375 0.6630859375 0.0478515625 0.099609375