0 0.5517578125 0.6552734375 0.0498046875 0.0576171875
0 0.5302734375 0.703125 0.03515625 0.0576171875
0 0.505859375 0.666015625 0.037109375 0.0615234375
0 0.4921875 0.583984375 0.0234375 0.0478515625
0 0.462890625 0.609375 0.033203125 0.0908203125
0 0.564453125 0.533203125 0.0302734375 0.03515625
0 0.5908203125 0.53125 0.017578125 0.0341796875
0 0.62109375 0.5869140625 0.02734375 0.078125
0 0.5927734375 0.6025390625 0.04296875 0.10546875
0 0.560546875 0.5703125 0.021484375 0.0234375
0 0.546875 0.5966796875 0.041015625 0.07421875
0 0.498046875 0.5185546875 0.041015625 0.0263671875
0 0.5009765625 0.544921875 0.02734375 0.02734375
0 0.5166015625 0.5048828125 0.03125 0.0244140625
0 0.541015625 0.525390625 0.015625 0.04296875