0 0.4462890625 0.447265625 0.0634765625 0.1318359375
0 0.29296875 0.6611328125 0.0537109375 0.1181640625
0 0.3466796875 0.5439453125 0.0771484375 0.1669921875
0 0.4052734375 0.5205078125 0.0361328125 0.1044921875
0 0.2998046875 0.6318359375 0.1669921875 0.1875
0 0.400390625 0.7197265625 0.087890625 0.2822265625
0 0.373046875 0.8330078125 0.017578125 0.0693359375
0 0.3466796875 0.80078125 0.056640625 0.1142578125
0 0.451171875 0.7646484375 0.044921875 0.1376953125
0 0.61328125 0.595703125 0.09765625 0.29296875
0 0.5380859375 0.73046875 0.0625 0.1923828125
0 0.494140625 0.8291015625 0.0322265625 0.0380859375
0 0.541015625 0.91015625 0.125 0.1689453125
0 0.4697265625 0.935546875 0.0751953125 0.12890625
0 0.4169921875 0.9150390625 0.0693359375 0.1552734375
0 0.5029296875 0.58203125 0.0234375 0.125
0 0.52734375 0.4658203125 0.052734375 0.0498046875
0 0.5302734375 0.5830078125 0.072265625 0.2197265625
0 0.466796875 0.6162109375 0.0517578125 0.1005859375
0 0.470703125 0.4853515625 0.0673828125 0.0634765625