0 0.41796875 0.7275390625 0.0615234375 0.2392578125
0 0.482421875 0.73046875 0.0927734375 0.2138671875
0 0.693359375 0.5458984375 0.0517578125 0.1591796875
0 0.6259765625 0.630859375 0.109375 0.2802734375
0 0.6220703125 0.84375 0.08203125 0.2109375
0 0.70703125 0.806640625 0.099609375 0.1552734375
0 0.708984375 0.884765625 0.103515625 0.2275390625
0 0.5380859375 0.7490234375 0.0703125 0.1865234375
0 0.6025390625 0.6591796875 0.0498046875 0.1201171875
0 0.4697265625 0.552734375 0.076171875 0.1552734375
0 0.53125 0.5029296875 0.041015625 0.05078125
0 0.58203125 0.4482421875 0.0224609375 0.0244140625
0 0.6201171875 0.4599609375 0.046875 0.0595703125
0 0.560546875 0.44140625 0.02734375 0.0576171875
0 0.525390625 0.5732421875 0.064453125 0.1044921875
0 0.5556640625 0.591796875 0.056640625 0.1083984375
0 0.5947265625 0.5869140625 0.03515625 0.0517578125
0 0.66015625 0.5166015625 0.0517578125 0.1044921875